0 0.778323 0.751894 0.017031 0.046639
0 0.759740 0.719532 0.022000 0.051176
0 0.734359 0.660144 0.018615 0.046620
0 0.709826 0.653375 0.020307 0.045120
0 0.695005 0.622532 0.017792 0.034583
0 0.677674 0.587968 0.020307 0.043657
0 0.662438 0.578194 0.016938 0.039148
0 0.665411 0.504477 0.019458 0.045120
0 0.622685 0.443560 0.018609 0.043620
0 0.574883 0.458602 0.017766 0.040611
0 0.535122 0.440551 0.021151 0.043620
0 0.518625 0.616528 0.019458 0.042111
0 0.508469 0.617319 0.013604 0.036065
0 0.552893 0.682722 0.017766 0.043593
0 0.561307 0.691023 0.021240 0.033157
0 0.562164 0.685009 0.017828 0.039111
0 0.573195 0.751139 0.029620 0.042130
0 0.620146 0.845139 0.022000 0.043611
0 0.435023 0.721032 0.029255 0.054120
0 0.432755 0.690218 0.021990 0.052657
0 0.439953 0.662380 0.023708 0.037648
0 0.362911 0.361593 0.021240 0.048130
0 0.357031 0.325495 0.023688 0.046620
0 0.363789 0.293898 0.022828 0.061667
0 0.488531 0.305069 0.021260 0.045324
0 0.594336 0.186352 0.022839 0.028537
0 0.485164 0.042731 0.021234 0.048130
0 0.500391 0.019421 0.022927 0.037602
0 0.369688 0.819546 0.022094 0.040556
0 0.349417 0.818819 0.018615 0.045120
0 0.375734 0.810870 0.015271 0.036093
0 0.351958 0.777463 0.021979 0.034537
0 0.362089 0.776704 0.023813 0.030074
0 0.305365 0.657162 0.025427 0.046565
0 0.340044 0.692500 0.018672 0.045093
0 0.308773 0.559403 0.018724 0.034676
0 0.322292 0.549574 0.022063 0.036111
0 0.272435 0.425500 0.023693 0.043593
0 0.204589 0.246481 0.027917 0.046593
0 0.178057 0.951903 0.022937 0.043657
0 0.255034 0.959435 0.022901 0.037630
0 0.091766 0.858694 0.016167 0.034556
0 0.075292 0.878185 0.021979 0.043611
