0 0.823073 0.589264 0.029792 0.074602
0 0.791813 0.579690 0.030969 0.050324
0 0.759630 0.503759 0.030240 0.067759
0 0.731440 0.495588 0.029609 0.058694
0 0.716063 0.460347 0.029635 0.043435
0 0.696193 0.433097 0.028740 0.045194
0 0.677917 0.426907 0.022031 0.048130
0 0.678146 0.337509 0.023688 0.052667
0 0.623948 0.270375 0.024500 0.043639
0 0.569760 0.292806 0.027083 0.057130
0 0.538497 0.272296 0.022016 0.051148
0 0.507672 0.468065 0.021990 0.046574
0 0.495919 0.477472 0.022182 0.043611
0 0.551784 0.544968 0.036224 0.034639
0 0.549115 0.544741 0.019479 0.043741
0 0.551438 0.540824 0.027615 0.037389
0 0.571518 0.617921 0.026255 0.049657
0 0.626443 0.723000 0.032135 0.051204
0 0.304289 0.587037 0.028016 0.060093
0 0.305302 0.546954 0.027969 0.056981
0 0.318672 0.517463 0.026729 0.049667
0 0.228490 0.163519 0.032271 0.066148
0 0.212016 0.148921 0.028781 0.069176
0 0.224029 0.102370 0.028714 0.067481
0 0.477768 0.142977 0.026318 0.049750
0 0.569380 0.008866 0.027125 0.016491
0 0.368107 0.720949 0.021432 0.061954
0 0.350727 0.717745 0.037995 0.050528
0 0.382078 0.704218 0.022396 0.038157
0 0.366352 0.670370 0.026984 0.046574
0 0.346221 0.672972 0.030641 0.060204
0 0.293992 0.549463 0.021734 0.051389
0 0.333977 0.578722 0.024693 0.042852
0 0.279784 0.409074 0.032245 0.052741
0 0.248539 0.288866 0.022807 0.046565
0 0.076104 0.080838 0.025396 0.042102
0 0.146094 0.873236 0.030552 0.058713
0 0.270857 0.873782 0.024589 0.052694
0 0.096654 0.773287 0.023453 0.045741
0 0.360880 0.211602 0.027052 0.054185
0 0.301190 0.148917 0.030464 0.060167
0 0.467430 0.277366 0.019474 0.054139
0 0.450672 0.280861 0.024187 0.057019
