0 0.813010 0.738361 0.017031 0.046648
0 0.789352 0.705995 0.021995 0.051176
0 0.764815 0.639083 0.018609 0.046630
0 0.737745 0.636829 0.020302 0.045120
0 0.722927 0.598468 0.017792 0.034583
0 0.703901 0.565407 0.020302 0.043648
0 0.687818 0.558639 0.016937 0.039148
0 0.691635 0.487931 0.019458 0.045120
0 0.647219 0.417991 0.018615 0.043611
0 0.601112 0.432259 0.017766 0.045074
0 0.571497 0.417991 0.021151 0.043611
0 0.541891 0.597727 0.019458 0.042120
0 0.528773 0.605282 0.013609 0.036065
0 0.583352 0.664671 0.017766 0.043583
0 0.590497 0.667685 0.020359 0.034722
0 0.579531 0.671028 0.018875 0.029241
0 0.596885 0.734593 0.029625 0.042130
0 0.648500 0.827093 0.019437 0.043611
0 0.452578 0.705995 0.028833 0.054102
0 0.450099 0.673671 0.021990 0.052657
0 0.456026 0.646588 0.023708 0.037639
0 0.378563 0.348056 0.021240 0.048130
0 0.369724 0.311204 0.023688 0.046630
0 0.378594 0.273602 0.022823 0.061667
0 0.509682 0.287773 0.021260 0.045324
0 0.611255 0.160782 0.022844 0.028528
0 0.499547 0.023778 0.021240 0.045426
0 0.518156 0.011593 0.022927 0.023185
0 0.395591 0.806588 0.020484 0.043491
0 0.376492 0.808292 0.018609 0.045120
0 0.401997 0.796347 0.015734 0.036102
0 0.377339 0.768435 0.021979 0.034537
0 0.390005 0.766176 0.023812 0.030074
0 0.331591 0.645134 0.025432 0.046565
0 0.362042 0.681981 0.018677 0.045093
0 0.332466 0.544361 0.018724 0.034667
0 0.345135 0.524000 0.022063 0.036111
0 0.295276 0.413463 0.023698 0.043593
0 0.217844 0.231444 0.027917 0.046593
0 0.193284 0.947389 0.022943 0.043667
0 0.279992 0.953421 0.022057 0.037620
0 0.112482 0.851185 0.018682 0.040593
0 0.095594 0.873667 0.021979 0.043611
