0 0.872724 0.679213 0.028125 0.070148
0 0.842232 0.662074 0.021036 0.063222
0 0.808948 0.593463 0.030240 0.067759
0 0.784227 0.596708 0.029609 0.058694
0 0.769867 0.553468 0.029630 0.043435
0 0.747813 0.515995 0.028740 0.045194
0 0.729557 0.510574 0.022031 0.048130
0 0.730531 0.428755 0.023687 0.052676
0 0.677805 0.356954 0.025349 0.043630
0 0.622474 0.370806 0.027083 0.057130
0 0.593089 0.362417 0.022010 0.051148
0 0.565203 0.567333 0.021990 0.046574
0 0.553451 0.579750 0.022182 0.043611
0 0.609604 0.632940 0.018917 0.039176
0 0.616396 0.636477 0.022031 0.043769
0 0.604648 0.633009 0.017547 0.042037
0 0.623221 0.708245 0.026255 0.049657
0 0.680589 0.813241 0.032135 0.051204
0 0.380177 0.687889 0.029542 0.058852
0 0.374047 0.643606 0.026354 0.053657
0 0.382432 0.609130 0.035875 0.045167
0 0.298849 0.282338 0.029167 0.066139
0 0.285055 0.250699 0.028776 0.069176
0 0.292573 0.209245 0.028719 0.070657
0 0.533896 0.223972 0.026344 0.045278
0 0.620568 0.077292 0.031333 0.036009
0 0.424737 0.794231 0.023755 0.052093
0 0.407888 0.786819 0.019109 0.050213
0 0.433224 0.791310 0.020792 0.036102
0 0.420883 0.753319 0.019151 0.030769
0 0.410417 0.753991 0.013833 0.035630
0 0.361344 0.630620 0.024687 0.053630
0 0.396117 0.662931 0.026411 0.042824
0 0.338615 0.486657 0.026240 0.045870
0 0.356641 0.513819 0.022302 0.038509
0 0.311021 0.374704 0.032813 0.055389
0 0.152245 0.184616 0.025396 0.042102
0 0.206961 0.946556 0.030547 0.058704
0 0.326836 0.943727 0.024589 0.052694
0 0.129510 0.872954 0.021979 0.045185
0 0.423203 0.306861 0.027052 0.054185
0 0.361820 0.247681 0.022005 0.051139
