0 0.748091 0.548829 0.027193 0.058546
0 0.721359 0.517014 0.030969 0.050324
0 0.687297 0.441898 0.030240 0.067759
0 0.659870 0.447903 0.029604 0.058694
0 0.641503 0.397153 0.025880 0.043435
0 0.615883 0.356144 0.028734 0.054176
0 0.598276 0.356750 0.021313 0.048130
0 0.599315 0.262833 0.023859 0.064815
0 0.535940 0.182259 0.024495 0.043630
0 0.473745 0.206370 0.027083 0.057130
0 0.443661 0.186731 0.022010 0.051148
0 0.417859 0.415417 0.021990 0.046574
0 0.403393 0.418880 0.022182 0.043611
0 0.469727 0.484551 0.017974 0.041120
0 0.463599 0.500171 0.020010 0.033676
0 0.458464 0.482278 0.018948 0.033074
0 0.479773 0.564333 0.026255 0.049667
0 0.541042 0.682458 0.032135 0.051194
0 0.149818 0.534324 0.039250 0.086056
0 0.141224 0.486097 0.027458 0.064898
0 0.156901 0.458968 0.023406 0.038380
0 0.067612 0.098634 0.032276 0.066139
0 0.048453 0.055620 0.031698 0.069907
0 0.385904 0.050380 0.026807 0.043759
0 0.274815 0.665852 0.022172 0.047019
0 0.256177 0.665880 0.024667 0.048093
0 0.277646 0.653190 0.027344 0.045750
0 0.267445 0.618630 0.025984 0.035389
0 0.255190 0.618644 0.020568 0.035380
0 0.202453 0.495856 0.022146 0.044083
0 0.239898 0.518370 0.023151 0.038333
0 0.036922 0.841426 0.016865 0.040944
0 0.193565 0.833069 0.024589 0.052694
0 0.230354 0.136699 0.034698 0.065472
0 0.369529 0.190912 0.021099 0.051657
0 0.352898 0.213310 0.023974 0.054528
0 0.654604 0.292153 0.026219 0.046620
