0 0.853698 0.673657 0.029792 0.083611
0 0.824818 0.649792 0.021198 0.048194
0 0.792240 0.581056 0.030240 0.067759
0 0.767026 0.579662 0.029604 0.058694
0 0.757388 0.542940 0.029630 0.043435
0 0.732794 0.500204 0.028734 0.045204
0 0.717714 0.495907 0.022031 0.048130
0 0.718052 0.414838 0.023688 0.052676
0 0.664609 0.337102 0.025354 0.043630
0 0.610417 0.356519 0.027083 0.057130
0 0.575956 0.345500 0.022016 0.051148
0 0.552513 0.544769 0.021995 0.046574
0 0.537375 0.551167 0.022177 0.043611
0 0.590990 0.617903 0.018917 0.039176
0 0.588477 0.615421 0.022036 0.043769
0 0.597026 0.615597 0.022510 0.048954
0 0.608836 0.696213 0.026255 0.049667
0 0.656901 0.789176 0.032135 0.051204
0 0.346935 0.659972 0.028016 0.060093
0 0.344862 0.621491 0.022516 0.042574
0 0.358807 0.586023 0.025531 0.045491
0 0.280099 0.247745 0.032271 0.066139
0 0.260240 0.222625 0.028781 0.069176
0 0.268039 0.174648 0.028714 0.070648
0 0.520922 0.200907 0.026344 0.045278
0 0.608721 0.054731 0.031339 0.036019
0 0.411161 0.780157 0.031396 0.057037
0 0.390443 0.778500 0.026240 0.054722
0 0.416354 0.772269 0.021135 0.036093
0 0.406146 0.733694 0.026979 0.046574
0 0.391794 0.731491 0.015161 0.042426
0 0.338786 0.600745 0.018365 0.037065
0 0.376047 0.643296 0.019594 0.034519
0 0.325315 0.473491 0.022370 0.046981
0 0.332500 0.496106 0.027125 0.040620
0 0.292747 0.357759 0.018568 0.046574
0 0.131943 0.160551 0.025396 0.042102
0 0.188628 0.935023 0.030547 0.058713
0 0.305544 0.930190 0.024589 0.052694
0 0.134409 0.837731 0.023453 0.045741
0 0.115786 0.858778 0.021979 0.042926
0 0.406562 0.285306 0.027052 0.054185
0 0.342646 0.228630 0.030469 0.060167
0 0.507201 0.348056 0.014380 0.054148
0 0.493661 0.366102 0.019448 0.051130
