0 0.872216 0.682574 0.028120 0.070148
0 0.844880 0.657616 0.024542 0.055694
0 0.810490 0.590722 0.030240 0.067759
0 0.786620 0.590551 0.029604 0.058694
0 0.770086 0.548204 0.024547 0.039019
0 0.748990 0.515671 0.028740 0.045194
0 0.730286 0.513315 0.022031 0.048130
0 0.734130 0.429884 0.023688 0.052676
0 0.683432 0.363796 0.025354 0.043630
0 0.629453 0.379074 0.027083 0.057130
0 0.601336 0.367306 0.022016 0.051148
0 0.570562 0.562574 0.021990 0.046574
0 0.561948 0.567907 0.015333 0.043611
0 0.615953 0.623250 0.018073 0.046667
0 0.631625 0.633468 0.022031 0.043769
0 0.616492 0.631509 0.017547 0.042037
0 0.634219 0.698468 0.026250 0.049657
0 0.687781 0.801963 0.032135 0.051204
0 0.409305 0.687005 0.028016 0.060083
0 0.412591 0.639782 0.021224 0.047139
0 0.417242 0.616269 0.023714 0.037648
0 0.335844 0.293167 0.022948 0.066148
0 0.322055 0.262162 0.028776 0.069176
0 0.330247 0.218968 0.028714 0.070657
0 0.537276 0.235000 0.026344 0.045278
0 0.628180 0.087819 0.031339 0.036009
0 0.425120 0.789690 0.029698 0.056046
0 0.409768 0.789264 0.018609 0.050176
0 0.432529 0.786356 0.019755 0.036102
0 0.425435 0.750542 0.026984 0.046565
0 0.406609 0.743727 0.022073 0.034676
0 0.357750 0.625204 0.025417 0.060093
0 0.397734 0.658495 0.018187 0.043991
0 0.346451 0.497028 0.028005 0.048222
0 0.358096 0.516444 0.020057 0.031222
0 0.318557 0.378083 0.034656 0.057130
0 0.187779 0.191634 0.025391 0.042102
0 0.209779 0.947444 0.030547 0.058704
0 0.326732 0.946912 0.024589 0.052694
0 0.141021 0.877167 0.021979 0.045185
0 0.443534 0.321778 0.027047 0.054185
0 0.383823 0.263829 0.019177 0.051139
