0 0.750404 0.774458 0.017026 0.046639
0 0.727591 0.751134 0.021995 0.045120
0 0.702211 0.688718 0.018609 0.046620
0 0.679367 0.684958 0.020307 0.045120
0 0.664984 0.649611 0.015229 0.034593
0 0.649755 0.615023 0.020302 0.037602
0 0.631135 0.609778 0.016937 0.039148
0 0.635797 0.537565 0.019458 0.045130
0 0.596458 0.467625 0.018615 0.043620
0 0.547810 0.485676 0.017766 0.040611
0 0.521586 0.464616 0.021151 0.043620
0 0.493948 0.642847 0.019458 0.042120
0 0.482245 0.644380 0.020302 0.045056
0 0.533854 0.704491 0.020313 0.033056
0 0.539305 0.709796 0.016995 0.033130
0 0.524948 0.707546 0.014427 0.033056
0 0.544440 0.778241 0.024557 0.036111
0 0.590534 0.866199 0.021995 0.043620
0 0.423391 0.748861 0.027135 0.049593
0 0.422458 0.717546 0.020302 0.042111
0 0.427677 0.690972 0.017771 0.030093
0 0.352617 0.395685 0.021234 0.048130
0 0.347727 0.370866 0.023693 0.046620
0 0.353224 0.331509 0.022844 0.057148
0 0.463154 0.339796 0.016193 0.040611
0 0.569383 0.225454 0.025391 0.025556
0 0.467820 0.089361 0.021234 0.048130
0 0.485161 0.063042 0.022927 0.037602
0 0.379833 0.013847 0.018698 0.027694
0 0.394638 0.013093 0.017849 0.026185
0 0.352766 0.839097 0.022094 0.040565
0 0.331651 0.837870 0.018615 0.045130
0 0.354029 0.829347 0.014464 0.036102
0 0.335036 0.803028 0.021979 0.034537
0 0.345581 0.797384 0.021255 0.030083
0 0.287599 0.688745 0.025427 0.046565
0 0.320156 0.714306 0.017812 0.031574
0 0.292693 0.584944 0.021240 0.036111
0 0.303682 0.569120 0.022063 0.036111
0 0.255503 0.459347 0.021141 0.037583
0 0.199245 0.288611 0.026198 0.049630
0 0.162406 0.974481 0.020396 0.040630
0 0.230500 0.978981 0.019521 0.034630
0 0.070615 0.878250 0.016167 0.034556
0 0.055406 0.898491 0.021979 0.043611
0 0.024096 0.011574 0.024620 0.023148
