0 0.835036 0.704102 0.024625 0.058704
0 0.806885 0.670769 0.024542 0.055685
0 0.780078 0.606083 0.030240 0.067759
0 0.757964 0.601477 0.029604 0.058694
0 0.742682 0.567634 0.025417 0.039083
0 0.721107 0.530042 0.025380 0.045194
0 0.705495 0.522519 0.022031 0.048130
0 0.706974 0.446301 0.023688 0.052676
0 0.661495 0.379819 0.025354 0.043639
0 0.608943 0.394565 0.027083 0.057130
0 0.579000 0.380574 0.022010 0.051148
0 0.553549 0.564731 0.021995 0.046574
0 0.541599 0.569843 0.022083 0.045093
0 0.596042 0.629259 0.022812 0.048148
0 0.604826 0.633829 0.021193 0.039269
0 0.591354 0.633005 0.023844 0.042250
0 0.607898 0.705708 0.026255 0.049657
0 0.659057 0.804102 0.032135 0.051204
0 0.425096 0.673694 0.026318 0.055611
0 0.422716 0.635662 0.021984 0.052657
0 0.431828 0.610190 0.023708 0.037639
0 0.350648 0.294690 0.022953 0.061602
0 0.341232 0.273106 0.028776 0.069176
0 0.347302 0.229222 0.028698 0.063185
0 0.522099 0.247407 0.026344 0.045278
0 0.619625 0.112718 0.031333 0.036009
0 0.411021 0.786884 0.021479 0.041806
0 0.393411 0.779769 0.018615 0.048241
0 0.416172 0.775731 0.018260 0.036093
0 0.409948 0.736014 0.015990 0.045009
0 0.395513 0.734565 0.019568 0.036148
0 0.342583 0.618843 0.025417 0.060093
0 0.379969 0.650102 0.025427 0.039074
0 0.346161 0.513477 0.025469 0.040713
0 0.355391 0.498380 0.022906 0.040630
0 0.307966 0.375866 0.023693 0.043583
0 0.199208 0.192375 0.021146 0.040583
0 0.210164 0.924662 0.030547 0.058713
0 0.302898 0.929551 0.024589 0.052694
0 0.135794 0.832653 0.022891 0.051046
0 0.117833 0.855528 0.021979 0.045185
0 0.440779 0.326981 0.027047 0.054185
