0 0.829841 0.637398 0.029797 0.074611
0 0.801117 0.623301 0.030964 0.050324
0 0.768891 0.549171 0.030240 0.067750
0 0.742320 0.551991 0.029609 0.058704
0 0.729807 0.507144 0.029635 0.043435
0 0.704536 0.471324 0.028740 0.045204
0 0.686073 0.467935 0.022031 0.048130
0 0.686750 0.381755 0.023688 0.052676
0 0.634570 0.313032 0.024495 0.043639
0 0.580781 0.325417 0.027083 0.057130
0 0.549190 0.307394 0.022016 0.051139
0 0.519518 0.516194 0.021995 0.046574
0 0.509456 0.513574 0.022182 0.043611
0 0.564060 0.586338 0.030443 0.057343
0 0.557578 0.592870 0.019479 0.043741
0 0.572497 0.585606 0.026026 0.039657
0 0.584208 0.668301 0.026250 0.049657
0 0.628135 0.759093 0.032135 0.051204
0 0.316958 0.628060 0.028010 0.060083
0 0.316781 0.593426 0.027969 0.056981
0 0.320516 0.562042 0.019594 0.032787
0 0.246258 0.220671 0.032276 0.066139
0 0.229781 0.186523 0.028781 0.069176
0 0.232490 0.142981 0.028719 0.067481
0 0.492159 0.173819 0.026318 0.054269
0 0.577417 0.023148 0.031333 0.036019
0 0.379107 0.752542 0.021432 0.055954
0 0.365956 0.753847 0.037995 0.050528
0 0.392885 0.729417 0.021938 0.037333
0 0.374812 0.712481 0.026979 0.046574
0 0.357701 0.712116 0.026297 0.060213
0 0.301716 0.582403 0.022130 0.048157
0 0.342888 0.614278 0.024505 0.041241
0 0.290594 0.443685 0.021781 0.042981
0 0.263701 0.327884 0.018568 0.046565
0 0.090490 0.118440 0.025396 0.042102
0 0.153706 0.913843 0.030547 0.058704
0 0.278471 0.906125 0.024589 0.052694
0 0.103953 0.812167 0.023458 0.045741
0 0.086823 0.836880 0.021979 0.042926
0 0.373570 0.250713 0.027047 0.054185
0 0.311344 0.192537 0.030469 0.060167
0 0.478430 0.314968 0.019474 0.054139
0 0.460224 0.317273 0.023656 0.046583
