0 0.805724 0.528370 0.029781 0.062519
0 0.778698 0.496968 0.030969 0.050324
0 0.742708 0.429306 0.030240 0.067759
0 0.716633 0.427153 0.029609 0.058694
0 0.698294 0.388153 0.029630 0.043435
0 0.675891 0.350375 0.028740 0.045194
0 0.657615 0.353213 0.022031 0.048130
0 0.660214 0.266218 0.023688 0.052676
0 0.606539 0.189722 0.024495 0.043630
0 0.548703 0.217769 0.027083 0.057130
0 0.516740 0.193981 0.022010 0.051148
0 0.493018 0.405009 0.021995 0.046574
0 0.480776 0.415426 0.022177 0.043611
0 0.536164 0.490704 0.023547 0.030407
0 0.533401 0.478042 0.021198 0.040731
0 0.546964 0.477440 0.021021 0.045972
0 0.554513 0.548958 0.026255 0.049657
0 0.612651 0.655222 0.032135 0.051185
0 0.289536 0.527815 0.029135 0.061852
0 0.286688 0.485866 0.024260 0.045546
0 0.296549 0.456810 0.022068 0.039509
0 0.206378 0.105551 0.032276 0.066139
0 0.192091 0.088051 0.028776 0.069176
0 0.195510 0.035880 0.028719 0.067481
0 0.459159 0.062764 0.026318 0.049750
0 0.345815 0.651060 0.024620 0.058250
0 0.328482 0.653583 0.024130 0.040852
0 0.350073 0.646769 0.023542 0.040222
0 0.337719 0.605440 0.021542 0.039417
0 0.329112 0.614894 0.025120 0.055046
0 0.274089 0.494829 0.017729 0.032954
0 0.311148 0.512796 0.023047 0.042481
0 0.259008 0.343481 0.032245 0.052741
0 0.268466 0.368532 0.027234 0.048806
0 0.225138 0.224708 0.026193 0.046565
0 0.048500 0.016755 0.025396 0.033509
0 0.113841 0.826884 0.030547 0.058713
0 0.250365 0.819421 0.024583 0.052694
0 0.072409 0.725759 0.023453 0.045741
0 0.340391 0.144065 0.027052 0.054185
0 0.275003 0.086477 0.030464 0.060176
0 0.444695 0.207037 0.020307 0.054148
0 0.428206 0.214755 0.029234 0.064583
0 0.713630 0.287139 0.026229 0.046630
