0 0.859951 0.676556 0.028120 0.070148
0 0.830073 0.661375 0.024542 0.055694
0 0.803240 0.591583 0.030240 0.067759
0 0.781578 0.589889 0.029604 0.058704
0 0.759500 0.554222 0.025417 0.039093
0 0.739578 0.516843 0.025385 0.045204
0 0.725328 0.512454 0.022031 0.048130
0 0.727359 0.432894 0.023688 0.052676
0 0.673914 0.367181 0.025349 0.043639
0 0.620573 0.385093 0.027083 0.057130
0 0.592878 0.371065 0.022016 0.051148
0 0.565203 0.559815 0.021990 0.046574
0 0.553490 0.572417 0.015333 0.043611
0 0.609182 0.626259 0.018073 0.046667
0 0.618089 0.633468 0.022031 0.043769
0 0.603914 0.637815 0.012818 0.047778
0 0.628294 0.699222 0.026255 0.049667
0 0.679745 0.802713 0.032135 0.051204
0 0.413818 0.687505 0.028010 0.060083
0 0.413625 0.642069 0.026281 0.054528
0 0.419646 0.618403 0.023708 0.037639
0 0.339651 0.290787 0.022948 0.065389
0 0.325440 0.264171 0.028776 0.069176
0 0.333346 0.223023 0.028714 0.066565
0 0.530229 0.240014 0.026344 0.045287
0 0.621833 0.099102 0.031333 0.036019
0 0.421729 0.787199 0.026302 0.054083
0 0.401872 0.783000 0.018609 0.050185
0 0.426180 0.780940 0.019411 0.036102
0 0.417313 0.746935 0.026979 0.046574
0 0.403055 0.741921 0.022078 0.034676
0 0.353802 0.629213 0.025417 0.060093
0 0.386333 0.656579 0.027969 0.043583
0 0.344057 0.497773 0.025469 0.040713
0 0.352919 0.517958 0.022901 0.040620
0 0.312635 0.376574 0.034656 0.057130
0 0.186932 0.196648 0.025396 0.042111
0 0.209779 0.944352 0.030547 0.058704
0 0.319758 0.941319 0.024589 0.052694
0 0.149221 0.843995 0.022891 0.051046
0 0.131672 0.868426 0.021979 0.045185
0 0.442266 0.322907 0.027052 0.054185
