0 0.873146 0.679463 0.028125 0.070148
0 0.843151 0.663079 0.021740 0.061713
0 0.810432 0.596847 0.030240 0.067750
0 0.785354 0.597208 0.029604 0.058694
0 0.771349 0.556477 0.029635 0.043435
0 0.748445 0.519755 0.028734 0.045194
0 0.729557 0.513204 0.022031 0.048130
0 0.732013 0.430634 0.023693 0.052676
0 0.679159 0.357255 0.025349 0.043639
0 0.623531 0.373065 0.027083 0.057130
0 0.594146 0.365801 0.022010 0.051139
0 0.566896 0.567713 0.021990 0.046574
0 0.554719 0.574481 0.022177 0.043611
0 0.611719 0.630958 0.018635 0.039176
0 0.617875 0.636477 0.022031 0.043769
0 0.606763 0.632634 0.017547 0.042046
0 0.625547 0.709375 0.026250 0.049657
0 0.682844 0.814241 0.032135 0.051204
0 0.382747 0.691866 0.029505 0.057435
0 0.376974 0.645810 0.025813 0.052546
0 0.388023 0.615088 0.033443 0.043657
0 0.301523 0.288356 0.026057 0.066139
0 0.290414 0.254708 0.028776 0.069176
0 0.295112 0.210745 0.028714 0.070657
0 0.534177 0.227481 0.026344 0.045278
0 0.621833 0.080296 0.031333 0.036019
0 0.427346 0.796532 0.024651 0.053694
0 0.409917 0.792884 0.019625 0.050194
0 0.435583 0.790806 0.020677 0.036093
0 0.421328 0.753296 0.021760 0.036037
0 0.409747 0.752569 0.018484 0.038343
0 0.357130 0.630968 0.023958 0.047157
0 0.393482 0.660218 0.025891 0.042565
0 0.339664 0.488144 0.026464 0.046157
0 0.356990 0.520653 0.023865 0.037176
0 0.314904 0.377343 0.030120 0.053648
0 0.155630 0.187625 0.025396 0.042102
0 0.207523 0.947560 0.030547 0.058713
0 0.326979 0.945227 0.024583 0.052694
0 0.132219 0.876861 0.021979 0.045185
0 0.425458 0.311870 0.027052 0.054185
0 0.364081 0.251694 0.022005 0.051130
