0 0.737396 0.482898 0.029771 0.063981
0 0.711560 0.448977 0.030964 0.050324
0 0.675323 0.369528 0.030240 0.067759
0 0.650924 0.374773 0.029609 0.058694
0 0.634969 0.331079 0.032667 0.043435
0 0.607385 0.292773 0.028740 0.045194
0 0.590625 0.289056 0.022031 0.048130
0 0.592341 0.200884 0.024703 0.052676
0 0.533078 0.125773 0.024500 0.043639
0 0.471562 0.153991 0.027083 0.057130
0 0.441406 0.133278 0.022010 0.051148
0 0.416737 0.343130 0.021995 0.046574
0 0.403201 0.354167 0.022182 0.043611
0 0.468883 0.422157 0.013495 0.037611
0 0.459122 0.428986 0.015339 0.029472
0 0.458898 0.415144 0.015536 0.028157
0 0.478961 0.494060 0.026255 0.049657
0 0.539182 0.606667 0.032135 0.051185
0 0.190695 0.476884 0.031109 0.070491
0 0.186474 0.430255 0.021146 0.038491
0 0.196339 0.397500 0.023406 0.038370
0 0.104201 0.044046 0.032276 0.066148
0 0.087685 0.033954 0.028776 0.067907
0 0.384703 0.007454 0.025448 0.016500
0 0.273258 0.600245 0.022172 0.047009
0 0.257818 0.596444 0.024135 0.041556
0 0.279247 0.589051 0.023766 0.039176
0 0.267193 0.550181 0.022875 0.032176
0 0.254263 0.550278 0.020568 0.035389
0 0.197875 0.422148 0.018052 0.038241
0 0.235083 0.455171 0.023156 0.038324
0 0.144862 0.162644 0.026193 0.046565
0 0.031810 0.785398 0.021370 0.045981
0 0.175708 0.770884 0.024583 0.052694
0 0.247951 0.077852 0.034703 0.054185
0 0.186253 0.026769 0.030464 0.053537
0 0.370057 0.144537 0.020302 0.054148
0 0.353401 0.143167 0.035083 0.059370
0 0.644445 0.225810 0.026224 0.046620
