0 0.823073 0.581755 0.029792 0.089620
0 0.790120 0.561639 0.030969 0.050315
0 0.760474 0.490222 0.030240 0.067759
0 0.732286 0.483556 0.029604 0.058704
0 0.716906 0.446810 0.029635 0.043435
0 0.691964 0.410537 0.028740 0.045204
0 0.676227 0.405852 0.022026 0.048130
0 0.678146 0.323977 0.023688 0.052676
0 0.623948 0.249319 0.024500 0.043639
0 0.562995 0.270241 0.027083 0.057130
0 0.534266 0.248231 0.022010 0.051148
0 0.509365 0.459046 0.021990 0.046574
0 0.494227 0.460926 0.022182 0.043611
0 0.553055 0.523162 0.023547 0.045194
0 0.550807 0.526694 0.019479 0.043741
0 0.554831 0.524255 0.020661 0.045972
0 0.568982 0.597616 0.026255 0.049657
0 0.628135 0.707954 0.032135 0.051204
0 0.304906 0.579671 0.028010 0.060083
0 0.303867 0.531819 0.027068 0.052787
0 0.313589 0.502921 0.026729 0.049676
0 0.228490 0.156000 0.032271 0.066148
0 0.210323 0.127866 0.028781 0.069176
0 0.217260 0.088833 0.028719 0.067481
0 0.478617 0.124931 0.026318 0.049750
0 0.368112 0.704403 0.031589 0.061954
0 0.346497 0.701199 0.037995 0.050528
0 0.376674 0.691620 0.022620 0.038574
0 0.360430 0.653824 0.026984 0.046574
0 0.350438 0.654968 0.035687 0.060213
0 0.291305 0.537065 0.017609 0.048574
0 0.329091 0.562380 0.021411 0.042111
0 0.277841 0.394185 0.032245 0.052741
0 0.245154 0.279838 0.026193 0.046565
0 0.072721 0.067301 0.025391 0.042102
0 0.136693 0.866968 0.030552 0.058713
0 0.269169 0.856486 0.024589 0.052694
0 0.091367 0.762843 0.023453 0.045741
0 0.357495 0.192056 0.027052 0.054185
0 0.296115 0.133880 0.030469 0.060167
0 0.461508 0.256306 0.019474 0.054148
0 0.449826 0.266565 0.029234 0.064593
