0 0.836987 0.697852 0.024620 0.058704
0 0.808448 0.668685 0.024542 0.055685
0 0.783062 0.603806 0.030240 0.067759
0 0.758328 0.599208 0.029604 0.058694
0 0.745026 0.567634 0.025417 0.039083
0 0.723995 0.529667 0.025385 0.045204
0 0.708609 0.523380 0.022031 0.048130
0 0.710990 0.446551 0.023688 0.052676
0 0.665266 0.379630 0.025354 0.043630
0 0.615094 0.396204 0.027083 0.057130
0 0.585112 0.380231 0.022016 0.051148
0 0.559229 0.566880 0.021990 0.046574
0 0.545990 0.571204 0.022083 0.045093
0 0.598568 0.628273 0.017760 0.050120
0 0.607081 0.633829 0.021193 0.039269
0 0.599083 0.634468 0.021917 0.042250
0 0.612128 0.702218 0.026255 0.049657
0 0.664130 0.800787 0.032135 0.051204
0 0.430872 0.673435 0.027724 0.058111
0 0.425487 0.634838 0.021984 0.052657
0 0.436568 0.606977 0.023708 0.037639
0 0.356674 0.297694 0.023578 0.059352
0 0.348562 0.275866 0.028781 0.069176
0 0.355974 0.231102 0.028698 0.063185
0 0.526047 0.250167 0.026344 0.045278
0 0.626490 0.116398 0.031333 0.036019
0 0.409812 0.786593 0.021938 0.040870
0 0.393411 0.778597 0.018615 0.045898
0 0.417201 0.777056 0.017568 0.036093
0 0.410870 0.741759 0.015990 0.045000
0 0.397359 0.738667 0.019563 0.036148
0 0.346531 0.617843 0.025417 0.060093
0 0.382677 0.652509 0.025427 0.039074
0 0.351083 0.517681 0.025469 0.040713
0 0.358159 0.496736 0.022901 0.040620
0 0.310221 0.380880 0.023693 0.043593
0 0.208411 0.194634 0.024323 0.042083
0 0.212471 0.923843 0.030547 0.058704
0 0.304951 0.924829 0.024589 0.052694
0 0.136185 0.834042 0.022891 0.051046
0 0.119922 0.851880 0.021979 0.045185
0 0.452622 0.328481 0.027047 0.054185
