0 0.840932 0.724829 0.018708 0.046639
0 0.818961 0.689449 0.021995 0.051176
0 0.794839 0.625523 0.024552 0.049454
0 0.766073 0.621019 0.027896 0.046667
0 0.756349 0.590194 0.025417 0.039093
0 0.732667 0.546588 0.025385 0.045194
0 0.719125 0.546583 0.022031 0.048130
0 0.720401 0.472894 0.019458 0.045120
0 0.675698 0.400185 0.020865 0.049148
0 0.621846 0.421764 0.025391 0.054120
0 0.595190 0.402949 0.021151 0.043620
0 0.567271 0.588704 0.019458 0.042111
0 0.553307 0.596259 0.013604 0.036056
0 0.603375 0.653620 0.018323 0.051648
0 0.615880 0.663176 0.020365 0.034722
0 0.600221 0.662944 0.013745 0.038185
0 0.622701 0.726301 0.025411 0.043602
0 0.673031 0.822579 0.019438 0.043620
0 0.455398 0.703486 0.028839 0.054102
0 0.454047 0.669662 0.021990 0.052657
0 0.461104 0.639667 0.023708 0.037648
0 0.385161 0.329102 0.021240 0.048130
0 0.378594 0.299171 0.026250 0.061676
0 0.386641 0.260046 0.028698 0.067685
0 0.532531 0.271222 0.026344 0.045278
0 0.636224 0.148713 0.030479 0.028537
0 0.511602 0.017231 0.021234 0.034463
0 0.422141 0.795481 0.022094 0.040556
0 0.406102 0.794755 0.018609 0.045120
0 0.426622 0.786806 0.016422 0.036093
0 0.402719 0.754898 0.021979 0.034537
0 0.413693 0.755634 0.023813 0.030102
0 0.356125 0.639116 0.025427 0.046565
0 0.386568 0.669954 0.025427 0.039074
0 0.357839 0.531556 0.023812 0.039222
0 0.370932 0.516495 0.026281 0.042157
0 0.317695 0.396926 0.023693 0.043593
0 0.231380 0.226926 0.027917 0.046593
0 0.213156 0.941356 0.030531 0.052657
0 0.309602 0.947403 0.022057 0.037620
0 0.138714 0.853463 0.022073 0.042056
0 0.123513 0.864653 0.028745 0.055657
