0 0.876870 0.684074 0.028125 0.070148
0 0.847839 0.659875 0.024542 0.055694
0 0.810974 0.592870 0.030240 0.067759
0 0.787432 0.592718 0.029604 0.058694
0 0.772620 0.550458 0.029635 0.043435
0 0.749109 0.517606 0.028740 0.045194
0 0.730161 0.514176 0.022031 0.048130
0 0.735823 0.431384 0.023688 0.052676
0 0.686604 0.362667 0.025354 0.043630
0 0.633260 0.376065 0.027083 0.057130
0 0.603029 0.365046 0.022016 0.051148
0 0.570844 0.563824 0.021990 0.046574
0 0.561443 0.568204 0.015333 0.043611
0 0.615953 0.623875 0.018073 0.045417
0 0.629932 0.633968 0.022031 0.043769
0 0.615815 0.631509 0.017547 0.042037
0 0.634219 0.700727 0.026250 0.049657
0 0.689896 0.799704 0.032135 0.051204
0 0.407802 0.686838 0.028010 0.060083
0 0.407401 0.644079 0.020729 0.041769
0 0.415221 0.616991 0.022578 0.033611
0 0.334151 0.295426 0.022948 0.066148
0 0.320927 0.261495 0.028781 0.069176
0 0.327146 0.216968 0.028719 0.070657
0 0.538687 0.234000 0.026344 0.045278
0 0.629872 0.087819 0.031339 0.036009
0 0.425969 0.790185 0.031396 0.057037
0 0.412023 0.789769 0.018609 0.050185
0 0.433419 0.785319 0.019870 0.036102
0 0.428143 0.751745 0.026984 0.046565
0 0.407794 0.744329 0.022078 0.034676
0 0.358875 0.626204 0.025417 0.060093
0 0.396833 0.659593 0.022250 0.040796
0 0.347016 0.498528 0.028000 0.048222
0 0.359096 0.516926 0.018161 0.031148
0 0.321096 0.379583 0.034661 0.057130
0 0.187779 0.190630 0.025391 0.042111
0 0.209779 0.948472 0.030547 0.058704
0 0.326935 0.947995 0.024589 0.052694
0 0.140453 0.878417 0.021979 0.045185
0 0.443958 0.321398 0.027052 0.054185
0 0.383115 0.263829 0.020594 0.051139
