0 0.762036 0.764306 0.017031 0.046648
0 0.735206 0.746606 0.021995 0.051176
0 0.715323 0.675185 0.018615 0.046630
0 0.690789 0.671421 0.020307 0.045120
0 0.676396 0.640583 0.017792 0.034574
0 0.659909 0.601486 0.020307 0.037602
0 0.643826 0.599250 0.016932 0.039148
0 0.649758 0.526282 0.019464 0.045120
0 0.605341 0.459352 0.018609 0.043611
0 0.557539 0.474398 0.017766 0.040611
0 0.533852 0.454088 0.021151 0.043620
0 0.502974 0.633824 0.019458 0.042111
0 0.494091 0.639861 0.020297 0.042037
0 0.539354 0.691704 0.020313 0.033056
0 0.548607 0.701542 0.018682 0.033176
0 0.533406 0.703787 0.014427 0.033056
0 0.554591 0.761681 0.024557 0.036083
0 0.600688 0.853412 0.022000 0.043620
0 0.425505 0.738634 0.027135 0.049602
0 0.425982 0.704509 0.020307 0.042111
0 0.431063 0.678185 0.017771 0.030093
0 0.356565 0.379639 0.021234 0.048130
0 0.351109 0.351815 0.023688 0.046630
0 0.359146 0.314968 0.022844 0.057157
0 0.474979 0.320153 0.016198 0.049824
0 0.582073 0.207407 0.025385 0.025556
0 0.476703 0.066796 0.021240 0.048130
0 0.491932 0.040477 0.022927 0.037602
0 0.355307 0.836093 0.022094 0.040556
0 0.338419 0.830852 0.018609 0.045130
0 0.363331 0.821431 0.014807 0.036102
0 0.341807 0.791000 0.021979 0.034537
0 0.352781 0.793250 0.023813 0.030074
0 0.294367 0.672505 0.025432 0.046565
0 0.325448 0.704907 0.018240 0.038333
0 0.298620 0.577431 0.024635 0.042139
0 0.313552 0.554583 0.022063 0.036111
0 0.261003 0.442051 0.021141 0.037583
0 0.202630 0.275074 0.026198 0.049630
0 0.168328 0.963199 0.020396 0.040620
0 0.240651 0.968454 0.019521 0.034630
0 0.077383 0.866218 0.016161 0.034546
0 0.062599 0.893222 0.021979 0.043611
