0 0.846214 0.712028 0.024625 0.058704
0 0.818112 0.687944 0.023693 0.054185
0 0.793365 0.614991 0.027396 0.058611
0 0.765503 0.617005 0.029036 0.054694
0 0.753177 0.573653 0.025417 0.039083
0 0.735417 0.534931 0.025385 0.045194
0 0.718281 0.538065 0.022031 0.048130
0 0.723365 0.463097 0.023688 0.052676
0 0.675130 0.394648 0.025365 0.060222
0 0.624810 0.411264 0.031318 0.075120
0 0.594901 0.400440 0.021729 0.048639
0 0.568258 0.578421 0.021432 0.054620
0 0.555859 0.588759 0.018698 0.048074
0 0.604646 0.647093 0.018604 0.055685
0 0.618555 0.651889 0.020641 0.036241
0 0.601086 0.654755 0.014516 0.041065
0 0.623339 0.717269 0.025833 0.046630
0 0.675773 0.809060 0.025786 0.048176
0 0.454271 0.701481 0.028833 0.054111
0 0.452638 0.667653 0.021984 0.052657
0 0.459411 0.636060 0.023708 0.037639
0 0.381102 0.322481 0.021234 0.048130
0 0.370135 0.293153 0.026250 0.061676
0 0.381562 0.254028 0.028698 0.067685
0 0.534505 0.261694 0.026344 0.045278
0 0.638333 0.137449 0.031333 0.036009
0 0.511393 0.016852 0.021234 0.033704
0 0.422141 0.789463 0.022094 0.040556
0 0.403141 0.790245 0.018615 0.045120
0 0.427430 0.781273 0.016651 0.036102
0 0.404638 0.751528 0.026630 0.041222
0 0.412849 0.746597 0.028885 0.036157
0 0.355279 0.631991 0.025422 0.053333
0 0.387135 0.663935 0.025427 0.039074
0 0.357563 0.528560 0.024365 0.045213
0 0.372057 0.513486 0.028531 0.048176
0 0.316990 0.391907 0.023698 0.043593
0 0.227151 0.217157 0.027917 0.046593
0 0.213161 0.939847 0.030542 0.055676
0 0.308758 0.942380 0.023745 0.047667
0 0.138714 0.847444 0.022073 0.042056
0 0.125771 0.860898 0.026490 0.052167
