0 0.752852 0.566356 0.027193 0.058546
0 0.723740 0.532125 0.030969 0.050324
0 0.690188 0.452778 0.030240 0.067759
0 0.662422 0.458477 0.029604 0.058694
0 0.643714 0.403505 0.025875 0.043435
0 0.617242 0.366421 0.028734 0.054176
0 0.600318 0.365213 0.021312 0.048130
0 0.600904 0.267870 0.023859 0.064815
0 0.536789 0.187398 0.024495 0.043630
0 0.474766 0.213019 0.027083 0.057130
0 0.443661 0.199426 0.022010 0.051148
0 0.418880 0.422667 0.021990 0.046574
0 0.403055 0.422907 0.022182 0.043611
0 0.472786 0.494829 0.017979 0.041120
0 0.464961 0.514069 0.020016 0.033676
0 0.458464 0.488324 0.018948 0.033074
0 0.483174 0.582468 0.026255 0.049657
0 0.540359 0.695755 0.032135 0.051194
0 0.150664 0.532824 0.039255 0.086056
0 0.135104 0.498282 0.027458 0.064898
0 0.146620 0.472458 0.023406 0.038380
0 0.065573 0.104981 0.032271 0.066148
0 0.045055 0.063778 0.031693 0.069907
0 0.044130 0.019407 0.041500 0.041370
0 0.386753 0.057333 0.026807 0.043759
0 0.275836 0.680356 0.022172 0.047009
0 0.258216 0.678574 0.024661 0.048093
0 0.280365 0.670116 0.027344 0.045750
0 0.276284 0.628903 0.025984 0.035398
0 0.256211 0.634958 0.020568 0.035380
0 0.204167 0.502819 0.022146 0.044083
0 0.240633 0.527944 0.023151 0.038333
0 0.195492 0.838227 0.024589 0.052694
0 0.226758 0.143843 0.034703 0.065463
0 0.172604 0.079296 0.026250 0.056333
0 0.372930 0.206634 0.021099 0.051657
0 0.354260 0.220560 0.023979 0.054528
0 0.655396 0.300009 0.026219 0.046630
