0 0.753737 0.482389 0.029766 0.063981
0 0.724109 0.443023 0.030969 0.050324
0 0.691187 0.371620 0.030240 0.067759
0 0.664438 0.374773 0.029604 0.058694
0 0.644370 0.325856 0.032667 0.043435
0 0.623901 0.293500 0.028740 0.045204
0 0.603339 0.286648 0.022031 0.048130
0 0.606299 0.202847 0.024703 0.052676
0 0.546836 0.131894 0.024495 0.043639
0 0.488979 0.157315 0.027083 0.057130
0 0.456292 0.141583 0.022010 0.051148
0 0.434521 0.349324 0.021990 0.046574
0 0.421346 0.358495 0.022182 0.043602
0 0.491378 0.422829 0.021828 0.037602
0 0.476958 0.429366 0.021198 0.046528
0 0.477276 0.418731 0.021021 0.045963
0 0.497174 0.496671 0.026255 0.049657
0 0.558604 0.599139 0.032135 0.051185
0 0.220073 0.487500 0.031104 0.066111
0 0.217602 0.441843 0.021141 0.038481
0 0.223635 0.404801 0.023406 0.038380
0 0.132401 0.056583 0.032271 0.066148
0 0.113927 0.034472 0.028781 0.068944
0 0.398352 0.013222 0.026318 0.028000
0 0.289049 0.603403 0.022172 0.049546
0 0.275581 0.598204 0.024130 0.041556
0 0.302341 0.601792 0.023766 0.039176
0 0.289341 0.554917 0.022870 0.032185
0 0.275878 0.557222 0.023995 0.035389
0 0.224576 0.434185 0.018047 0.038241
0 0.257391 0.465810 0.023156 0.038324
0 0.164581 0.171125 0.026193 0.046565
0 0.053419 0.784792 0.030547 0.058713
0 0.193081 0.776440 0.024589 0.052694
0 0.007880 0.683407 0.015760 0.036148
0 0.272956 0.087333 0.034703 0.054185
0 0.209201 0.032676 0.030464 0.059389
0 0.389104 0.152019 0.020302 0.054148
0 0.369164 0.150843 0.029234 0.064593
0 0.652083 0.225810 0.026229 0.046620
