0 0.758865 0.769949 0.017031 0.046639
0 0.730977 0.751134 0.021995 0.045120
0 0.708979 0.682704 0.018615 0.046630
0 0.685289 0.677440 0.020307 0.045120
0 0.670906 0.640593 0.015229 0.034593
0 0.653987 0.612014 0.020307 0.037602
0 0.642135 0.605269 0.016937 0.039148
0 0.643411 0.533051 0.019458 0.045120
0 0.598995 0.467625 0.018615 0.043620
0 0.551195 0.481162 0.017766 0.040602
0 0.529198 0.458602 0.021146 0.043611
0 0.497896 0.640593 0.019458 0.042111
0 0.488591 0.639866 0.021141 0.045065
0 0.535547 0.699981 0.020313 0.033056
0 0.544237 0.707560 0.018682 0.033176
0 0.528328 0.707546 0.014427 0.033056
0 0.549516 0.778241 0.024563 0.036111
0 0.595612 0.861685 0.021995 0.043611
0 0.425505 0.744046 0.027135 0.049593
0 0.424995 0.713037 0.020302 0.042111
0 0.429370 0.685704 0.017771 0.030093
0 0.354875 0.388667 0.021240 0.048130
0 0.351109 0.366852 0.023688 0.046630
0 0.356609 0.325495 0.022844 0.057157
0 0.471596 0.332185 0.016193 0.049833
0 0.576997 0.219435 0.025391 0.025556
0 0.473318 0.087852 0.021240 0.048130
0 0.490240 0.057023 0.022927 0.037602
0 0.353781 0.837894 0.022094 0.040565
0 0.332497 0.837366 0.018609 0.045120
0 0.354029 0.829347 0.014464 0.036102
0 0.339266 0.800019 0.021979 0.034537
0 0.347273 0.796634 0.021255 0.030083
0 0.291828 0.677917 0.025427 0.046574
0 0.321286 0.713306 0.017813 0.031574
0 0.295656 0.580685 0.021240 0.036111
0 0.309885 0.563102 0.022063 0.036111
0 0.257617 0.448060 0.021141 0.037583
0 0.202630 0.279583 0.026198 0.049630
0 0.165510 0.966958 0.020396 0.040620
0 0.237690 0.974472 0.019526 0.034630
0 0.074844 0.872986 0.016167 0.034546
0 0.060484 0.896231 0.021979 0.043611
0 0.025781 0.011574 0.021250 0.023148
