0 0.736258 0.596079 0.027193 0.058546
0 0.706604 0.566542 0.030969 0.050324
0 0.669518 0.481324 0.030234 0.067759
0 0.644411 0.484792 0.029604 0.058694
0 0.626927 0.441037 0.025875 0.043444
0 0.604109 0.399542 0.028740 0.054176
0 0.580646 0.395046 0.021312 0.048130
0 0.582805 0.300657 0.023859 0.064815
0 0.520820 0.224708 0.024495 0.043639
0 0.457583 0.243884 0.027083 0.057139
0 0.426216 0.226824 0.022016 0.051148
0 0.396021 0.457546 0.021990 0.046574
0 0.384253 0.459398 0.022182 0.043611
0 0.449214 0.531977 0.017979 0.041120
0 0.444594 0.542523 0.020010 0.033676
0 0.437818 0.527088 0.018948 0.033083
0 0.466638 0.609222 0.026255 0.049667
0 0.526411 0.729667 0.032135 0.051185
0 0.104979 0.585463 0.039250 0.086056
0 0.090068 0.551079 0.027458 0.064898
0 0.104193 0.519042 0.023406 0.038380
0 0.027078 0.138569 0.032271 0.066139
0 0.015576 0.099130 0.031151 0.069907
0 0.019935 0.053944 0.040786 0.068519
0 0.373216 0.086162 0.026807 0.043750
0 0.265466 0.712032 0.022172 0.047009
0 0.248539 0.704139 0.024661 0.048093
0 0.275471 0.704366 0.027339 0.045750
0 0.256836 0.666236 0.025984 0.035398
0 0.241513 0.664579 0.020568 0.035380
0 0.184729 0.532347 0.022146 0.044083
0 0.228677 0.564593 0.023156 0.038333
0 0.178768 0.874616 0.024589 0.052694
0 0.211953 0.170162 0.034698 0.065472
0 0.145531 0.107870 0.026250 0.056333
0 0.354034 0.237968 0.021099 0.051657
0 0.337904 0.245884 0.023974 0.054528
0 0.639958 0.323648 0.026219 0.046630
