0 0.788474 0.753403 0.017031 0.046639
0 0.764815 0.716523 0.021995 0.051176
0 0.738589 0.660144 0.018615 0.046620
0 0.713208 0.651866 0.020302 0.045120
0 0.700927 0.616514 0.017792 0.034583
0 0.682750 0.580449 0.020302 0.043657
0 0.670898 0.569167 0.016932 0.039148
0 0.672177 0.502968 0.019458 0.045120
0 0.630299 0.436042 0.018609 0.043620
0 0.580805 0.449579 0.017766 0.040602
0 0.550346 0.436042 0.021151 0.043620
0 0.521583 0.614269 0.019458 0.042111
0 0.511005 0.617319 0.013604 0.036065
0 0.554586 0.678208 0.017766 0.043583
0 0.565328 0.681991 0.020802 0.031667
0 0.566393 0.686509 0.017828 0.039111
0 0.579117 0.745120 0.029620 0.042130
0 0.624378 0.843634 0.021995 0.043620
0 0.439888 0.721037 0.028839 0.054111
0 0.435716 0.690218 0.021984 0.052657
0 0.441646 0.661625 0.023708 0.037639
0 0.365872 0.358583 0.021234 0.048130
0 0.359570 0.321731 0.023693 0.046630
0 0.366747 0.288639 0.022828 0.061667
0 0.491914 0.301310 0.021255 0.045324
0 0.596875 0.184843 0.022844 0.028537
0 0.487701 0.039722 0.021234 0.048130
0 0.506313 0.016856 0.022927 0.033713
0 0.374763 0.816537 0.022099 0.040556
0 0.354826 0.815514 0.018609 0.045120
0 0.378833 0.808231 0.015385 0.036093
0 0.355505 0.775046 0.021979 0.034537
0 0.366318 0.773699 0.023813 0.030083
0 0.311286 0.663181 0.025427 0.046565
0 0.342583 0.689500 0.018677 0.045093
0 0.315544 0.554889 0.018724 0.034667
0 0.325677 0.537537 0.022063 0.036111
0 0.274971 0.420986 0.023693 0.043583
0 0.206563 0.244981 0.027917 0.046593
0 0.181438 0.952657 0.022938 0.043667
0 0.258841 0.959435 0.022057 0.037630
0 0.096417 0.860199 0.016167 0.034546
0 0.079521 0.878185 0.021979 0.043611
