0 0.839375 0.704255 0.024625 0.058694
0 0.812047 0.671153 0.024542 0.055694
0 0.783109 0.604824 0.030240 0.067759
0 0.761018 0.599407 0.029609 0.058704
0 0.744505 0.562620 0.025417 0.039093
0 0.724490 0.527032 0.025385 0.045194
0 0.707750 0.522519 0.022031 0.048130
0 0.708453 0.442792 0.023688 0.052676
0 0.660328 0.378130 0.025354 0.043630
0 0.606635 0.396204 0.027083 0.057130
0 0.579529 0.381139 0.022016 0.051148
0 0.553646 0.565074 0.021990 0.046574
0 0.541307 0.575509 0.022083 0.045093
0 0.594609 0.629630 0.025677 0.048889
0 0.604193 0.635630 0.020677 0.042870
0 0.588940 0.637250 0.018411 0.045870
0 0.611284 0.708125 0.026255 0.049657
0 0.663005 0.807306 0.032135 0.051204
0 0.418609 0.688750 0.027448 0.058593
0 0.415971 0.636065 0.025974 0.055537
0 0.421552 0.619889 0.023708 0.037648
0 0.341341 0.299324 0.022953 0.062352
0 0.329951 0.266838 0.028776 0.069176
0 0.335031 0.227343 0.028698 0.060926
0 0.520547 0.245403 0.026344 0.045287
0 0.619062 0.108704 0.031333 0.036019
0 0.410182 0.785648 0.021823 0.047963
0 0.394258 0.780741 0.018609 0.050185
0 0.414706 0.776120 0.018953 0.036093
0 0.406523 0.743829 0.018422 0.043731
0 0.393539 0.741083 0.019568 0.036148
0 0.342964 0.627199 0.021104 0.052417
0 0.377893 0.652278 0.027547 0.042833
0 0.343854 0.516755 0.025469 0.040713
0 0.355706 0.500963 0.022901 0.040630
0 0.302763 0.385875 0.034099 0.051583
0 0.186510 0.204167 0.025396 0.042111
0 0.200190 0.937333 0.030547 0.058704
0 0.300721 0.942875 0.024589 0.052694
0 0.135732 0.838440 0.022891 0.051046
0 0.117380 0.866167 0.021979 0.045185
0 0.436000 0.329171 0.027052 0.054194
