0 0.802010 0.744375 0.017031 0.046639
0 0.780891 0.710509 0.022000 0.051185
0 0.752125 0.645102 0.018615 0.046630
0 0.728437 0.642847 0.020302 0.045120
0 0.712773 0.602977 0.017786 0.034583
0 0.697133 0.569921 0.020307 0.043657
0 0.676820 0.567667 0.016932 0.039148
0 0.684870 0.490940 0.019458 0.045120
0 0.639604 0.424009 0.018615 0.043611
0 0.588419 0.438278 0.017766 0.045074
0 0.561346 0.422505 0.021151 0.043620
0 0.533427 0.606750 0.019458 0.042111
0 0.522005 0.611301 0.013604 0.036065
0 0.571930 0.669935 0.017766 0.043593
0 0.579922 0.670329 0.020365 0.032454
0 0.578885 0.675759 0.018354 0.034185
0 0.588424 0.742111 0.029620 0.042130
0 0.636656 0.837620 0.019437 0.043611
0 0.447503 0.713514 0.028839 0.054102
0 0.445023 0.679690 0.021984 0.052657
0 0.449260 0.651097 0.023708 0.037639
0 0.371794 0.352565 0.021234 0.048130
0 0.363802 0.317222 0.023688 0.046630
0 0.370979 0.278111 0.022823 0.061667
0 0.504182 0.290782 0.021260 0.045324
0 0.607872 0.174315 0.022839 0.028537
0 0.496164 0.026185 0.021234 0.048130
0 0.511391 0.012343 0.022927 0.024685
0 0.386932 0.809796 0.019240 0.040556
0 0.370070 0.806894 0.018609 0.045120
0 0.391854 0.801398 0.015615 0.036093
0 0.373771 0.765537 0.021979 0.034537
0 0.383526 0.769130 0.023813 0.030074
0 0.322286 0.651148 0.025427 0.046574
0 0.357388 0.684231 0.018672 0.045093
0 0.324292 0.545407 0.018719 0.034667
0 0.338792 0.528509 0.022063 0.036111
0 0.285969 0.416472 0.023698 0.043593
0 0.213190 0.237463 0.027911 0.046593
0 0.190745 0.950398 0.022938 0.043667
0 0.271529 0.959435 0.022057 0.037630
0 0.102763 0.857190 0.016161 0.034546
0 0.089672 0.873667 0.021979 0.043611
