0 0.749385 0.483167 0.029771 0.063981
0 0.722544 0.444069 0.030964 0.050324
0 0.687370 0.370574 0.030240 0.067759
0 0.660620 0.375296 0.029604 0.058704
0 0.642609 0.329514 0.032667 0.043435
0 0.621844 0.294023 0.028740 0.045194
0 0.601281 0.288218 0.022031 0.048139
0 0.602914 0.199838 0.024703 0.052676
0 0.544794 0.130204 0.024495 0.043630
0 0.486513 0.156065 0.027089 0.057130
0 0.454529 0.140333 0.022016 0.051148
0 0.431094 0.346713 0.021990 0.046574
0 0.417430 0.357625 0.022182 0.043602
0 0.487211 0.422921 0.013495 0.037602
0 0.476958 0.427634 0.021198 0.043065
0 0.470667 0.416991 0.021021 0.045963
0 0.494237 0.497977 0.026255 0.049657
0 0.555078 0.600704 0.032135 0.051185
0 0.215654 0.482667 0.031099 0.066111
0 0.208422 0.442449 0.021146 0.038491
0 0.220917 0.403593 0.023406 0.038370
0 0.128289 0.053449 0.032276 0.066139
0 0.109031 0.034472 0.028781 0.068944
0 0.395352 0.011292 0.026318 0.024139
0 0.286497 0.603278 0.022172 0.048278
0 0.272607 0.597699 0.024130 0.041565
0 0.295487 0.593088 0.023766 0.039176
0 0.283674 0.554162 0.022870 0.032176
0 0.270062 0.556449 0.022281 0.035380
0 0.211995 0.419676 0.018052 0.038241
0 0.253992 0.461579 0.023151 0.038324
0 0.160773 0.165106 0.026193 0.046565
0 0.048721 0.786356 0.030547 0.058713
0 0.189555 0.775921 0.024589 0.052694
0 0.005828 0.683407 0.011656 0.036148
0 0.268305 0.085824 0.034703 0.054185
0 0.203279 0.029306 0.030464 0.058611
0 0.386753 0.149931 0.020307 0.054139
0 0.367698 0.149556 0.032156 0.061981
0 0.650174 0.225810 0.026224 0.046620
