0 0.837638 0.695769 0.024620 0.058704
0 0.808969 0.667991 0.024542 0.055685
0 0.784271 0.602944 0.030240 0.067759
0 0.758451 0.598454 0.029609 0.058704
0 0.745807 0.567634 0.025417 0.039083
0 0.726958 0.528917 0.025385 0.045204
0 0.710542 0.523815 0.022031 0.048130
0 0.712474 0.446551 0.023688 0.052676
0 0.667521 0.381134 0.025354 0.043639
0 0.618479 0.396963 0.027083 0.057130
0 0.587818 0.381435 0.022010 0.051148
0 0.560922 0.566880 0.021990 0.046574
0 0.549938 0.578222 0.022083 0.045093
0 0.598568 0.627778 0.017760 0.051111
0 0.607833 0.633829 0.021188 0.039269
0 0.599562 0.634449 0.020958 0.042250
0 0.614667 0.703722 0.026250 0.049667
0 0.666245 0.803046 0.032135 0.051204
0 0.432273 0.675931 0.030526 0.063102
0 0.426409 0.634569 0.021984 0.052657
0 0.437414 0.607481 0.023714 0.037648
0 0.360263 0.303708 0.024839 0.054843
0 0.351948 0.278875 0.028781 0.069176
0 0.360625 0.234861 0.028698 0.063185
0 0.528302 0.253176 0.026344 0.045278
0 0.627615 0.117398 0.031333 0.036019
0 0.409411 0.786491 0.022094 0.040556
0 0.393411 0.778208 0.018615 0.045120
0 0.417544 0.777495 0.017339 0.036102
0 0.411177 0.743671 0.015990 0.045009
0 0.397974 0.740032 0.019562 0.036157
0 0.347849 0.617509 0.025417 0.060093
0 0.381323 0.656120 0.025427 0.039074
0 0.352776 0.518431 0.025469 0.040713
0 0.359081 0.496190 0.022901 0.040620
0 0.310974 0.382551 0.023698 0.043583
0 0.211591 0.196139 0.030682 0.045093
0 0.213240 0.923569 0.030552 0.058713
0 0.304107 0.927833 0.024589 0.052704
0 0.136315 0.834505 0.022891 0.051046
0 0.120552 0.853380 0.021979 0.045185
0 0.450943 0.331509 0.023687 0.048130
