0 0.831625 0.736856 0.018708 0.046639
0 0.809654 0.704495 0.021995 0.051176
0 0.781302 0.639060 0.024552 0.049454
0 0.757615 0.627032 0.027896 0.046657
0 0.742820 0.596213 0.023734 0.039093
0 0.722516 0.558620 0.025385 0.045204
0 0.703482 0.555620 0.019495 0.039130
0 0.714479 0.484921 0.019458 0.045120
0 0.664141 0.407463 0.018615 0.043611
0 0.614648 0.436792 0.019453 0.051139
0 0.588419 0.408968 0.021151 0.043620
0 0.559656 0.593963 0.019458 0.042111
0 0.547807 0.599264 0.013604 0.036065
0 0.599003 0.662417 0.017766 0.043593
0 0.608266 0.668435 0.020365 0.034722
0 0.590096 0.669523 0.021432 0.032120
0 0.615510 0.733824 0.025417 0.043611
0 0.666266 0.821074 0.019438 0.043611
0 0.457091 0.706495 0.028839 0.054102
0 0.456164 0.672671 0.021984 0.052657
0 0.463641 0.645083 0.023708 0.037648
0 0.391253 0.339028 0.021234 0.048130
0 0.379875 0.306694 0.023688 0.046630
0 0.388747 0.275102 0.022828 0.061667
0 0.528294 0.277245 0.021255 0.045324
0 0.630302 0.153227 0.030479 0.028528
0 0.512237 0.018356 0.021234 0.036713
0 0.416219 0.804505 0.022094 0.040565
0 0.395951 0.800773 0.018609 0.045120
0 0.420250 0.793500 0.016073 0.036093
0 0.395953 0.759407 0.021979 0.034537
0 0.406927 0.760162 0.023812 0.030083
0 0.348513 0.643630 0.025432 0.046574
0 0.378961 0.674454 0.018672 0.045093
0 0.346839 0.540583 0.023812 0.039222
0 0.364164 0.525523 0.026276 0.042157
0 0.312195 0.399931 0.023693 0.043583
0 0.233073 0.232944 0.027917 0.046593
0 0.207234 0.947375 0.030531 0.052657
0 0.294794 0.952667 0.022057 0.037630
0 0.128982 0.855329 0.020380 0.041324
0 0.112094 0.867657 0.025365 0.046630
