0 0.745034 0.483935 0.029766 0.063981
0 0.720977 0.445116 0.030964 0.050324
0 0.683547 0.369528 0.030240 0.067759
0 0.656799 0.375815 0.029609 0.058704
0 0.640844 0.333171 0.032667 0.043435
0 0.619789 0.294542 0.028734 0.045194
0 0.599224 0.289787 0.022031 0.048130
0 0.598802 0.200884 0.024708 0.052676
0 0.542755 0.128509 0.024500 0.043630
0 0.484047 0.154806 0.027083 0.057130
0 0.452766 0.139079 0.022010 0.051139
0 0.427667 0.344102 0.021990 0.046574
0 0.413513 0.356755 0.022182 0.043602
0 0.484273 0.422051 0.013495 0.037602
0 0.473531 0.424153 0.021198 0.043065
0 0.464057 0.415250 0.021021 0.045963
0 0.491299 0.499282 0.026255 0.049657
0 0.551552 0.602273 0.032135 0.051194
0 0.206021 0.481657 0.031104 0.066111
0 0.200771 0.437912 0.021146 0.038491
0 0.213281 0.400981 0.023406 0.038370
0 0.124177 0.050315 0.032271 0.066148
0 0.104135 0.034472 0.028781 0.068944
0 0.392352 0.009366 0.026318 0.020287
0 0.283945 0.603148 0.022172 0.047019
0 0.269630 0.597194 0.024135 0.041556
0 0.294352 0.591579 0.023766 0.039176
0 0.278008 0.553407 0.022870 0.032185
0 0.264247 0.555681 0.020568 0.035380
0 0.213128 0.428241 0.018047 0.038241
0 0.249174 0.460069 0.023151 0.038324
0 0.156487 0.164745 0.026193 0.046565
0 0.044021 0.787926 0.030552 0.058704
0 0.186031 0.775398 0.024583 0.052704
0 0.003776 0.683407 0.007552 0.036148
0 0.263206 0.081833 0.034703 0.054185
0 0.201516 0.028259 0.030469 0.056519
0 0.384401 0.147843 0.020302 0.054148
0 0.366229 0.148269 0.035083 0.059370
0 0.648266 0.225810 0.026229 0.046620
