0 0.836555 0.706259 0.024620 0.058704
0 0.808948 0.671653 0.024542 0.055694
0 0.780255 0.606704 0.030240 0.067759
0 0.757661 0.603366 0.029604 0.058694
0 0.742812 0.565130 0.025417 0.039093
0 0.722234 0.528537 0.025385 0.045204
0 0.707375 0.522519 0.022031 0.048130
0 0.705385 0.445051 0.023688 0.052676
0 0.657370 0.380380 0.025354 0.043630
0 0.607021 0.395935 0.027083 0.057130
0 0.578401 0.381139 0.022010 0.051148
0 0.553138 0.564769 0.021995 0.046574
0 0.541141 0.574306 0.022083 0.045093
0 0.595026 0.629259 0.024844 0.048148
0 0.603516 0.635181 0.019323 0.041972
0 0.587669 0.634991 0.018411 0.045870
0 0.607898 0.708125 0.026255 0.049657
0 0.661031 0.809315 0.032135 0.051204
0 0.418891 0.689495 0.026885 0.057102
0 0.416958 0.636819 0.023979 0.054102
0 0.423453 0.618759 0.023708 0.037648
0 0.341766 0.301458 0.022948 0.061602
0 0.332490 0.271356 0.028781 0.069176
0 0.336724 0.229981 0.028698 0.058667
0 0.519276 0.246157 0.026344 0.045278
0 0.619156 0.109375 0.031333 0.036009
0 0.411302 0.785301 0.024062 0.047269
0 0.393411 0.780741 0.018615 0.050185
0 0.414984 0.775912 0.018833 0.036102
0 0.405719 0.741278 0.019365 0.046574
0 0.392128 0.740583 0.019568 0.036148
0 0.341464 0.628361 0.018948 0.048574
0 0.378107 0.651903 0.027120 0.042083
0 0.344240 0.516208 0.025469 0.040713
0 0.355138 0.500375 0.022901 0.040620
0 0.303039 0.384625 0.033547 0.049083
0 0.188625 0.202662 0.025396 0.042102
0 0.200471 0.935324 0.030547 0.058704
0 0.298185 0.942875 0.024589 0.052694
0 0.134039 0.836931 0.022891 0.051046
0 0.117172 0.863907 0.021979 0.045185
0 0.434432 0.330741 0.027052 0.054185
