0 0.769016 0.757912 0.017031 0.046639
0 0.745359 0.734569 0.022000 0.051176
0 0.720823 0.669167 0.018615 0.046630
0 0.696289 0.657884 0.020307 0.045120
0 0.684854 0.627046 0.017792 0.034574
0 0.667523 0.592458 0.020307 0.037602
0 0.648901 0.584213 0.016937 0.039148
0 0.655255 0.518014 0.019458 0.045120
0 0.610841 0.452583 0.018609 0.043611
0 0.563885 0.461611 0.017771 0.040611
0 0.535122 0.440551 0.021151 0.043620
0 0.510583 0.622542 0.019458 0.042120
0 0.496625 0.627824 0.015229 0.036019
0 0.540620 0.693963 0.020313 0.033056
0 0.554951 0.695528 0.018682 0.033167
0 0.546935 0.689519 0.017828 0.039111
0 0.564320 0.757921 0.024557 0.036083
0 0.607456 0.846644 0.021995 0.043620
0 0.426776 0.731556 0.029677 0.060148
0 0.426417 0.699255 0.016896 0.049620
0 0.434031 0.672153 0.023708 0.037639
0 0.358258 0.370611 0.021234 0.048130
0 0.351109 0.336773 0.023688 0.046620
0 0.358721 0.305940 0.023693 0.075213
0 0.478378 0.317856 0.021255 0.045324
0 0.585029 0.199148 0.029620 0.030000
0 0.477549 0.055519 0.021234 0.048130
0 0.495312 0.026940 0.022927 0.037602
0 0.363344 0.827815 0.022094 0.040556
0 0.341805 0.826838 0.018609 0.045120
0 0.369531 0.816148 0.015042 0.036093
0 0.345187 0.786481 0.021979 0.034537
0 0.357573 0.783722 0.023813 0.030074
0 0.297328 0.666940 0.025427 0.046565
0 0.329893 0.695509 0.018672 0.045093
0 0.303281 0.563907 0.024635 0.040667
0 0.316370 0.549574 0.022063 0.036111
0 0.264820 0.433019 0.023693 0.043593
0 0.201771 0.264532 0.027917 0.046583
0 0.171714 0.960944 0.020396 0.040630
0 0.243190 0.957926 0.019526 0.034630
0 0.082458 0.858694 0.016167 0.034556
0 0.068521 0.884194 0.021979 0.043611
