0 0.814615 0.563708 0.029792 0.089620
0 0.786734 0.525542 0.030969 0.050324
0 0.752859 0.457130 0.030240 0.067759
0 0.728901 0.454977 0.029604 0.058694
0 0.710984 0.413727 0.029635 0.043435
0 0.686042 0.375944 0.028740 0.045204
0 0.669458 0.381787 0.022031 0.048130
0 0.674594 0.293292 0.023688 0.052676
0 0.618383 0.207769 0.024495 0.043630
0 0.559698 0.237324 0.027083 0.057130
0 0.526891 0.218042 0.022010 0.051139
0 0.501206 0.421037 0.021995 0.046574
0 0.488596 0.432787 0.022182 0.043611
0 0.544409 0.498792 0.023547 0.045194
0 0.553745 0.507259 0.019479 0.043741
0 0.548174 0.493412 0.020839 0.045972
0 0.562128 0.567005 0.026255 0.049657
0 0.621953 0.674787 0.032135 0.051204
0 0.298078 0.544139 0.029885 0.063019
0 0.297805 0.502690 0.027068 0.052787
0 0.306880 0.474273 0.026729 0.049676
0 0.219911 0.128111 0.032271 0.066148
0 0.204781 0.100083 0.028781 0.069167
0 0.210740 0.058440 0.028719 0.067491
0 0.469310 0.089838 0.026318 0.049750
0 0.360299 0.675477 0.031589 0.061954
0 0.339042 0.677079 0.037990 0.050528
0 0.365867 0.666426 0.023078 0.039389
0 0.351938 0.628806 0.026979 0.046574
0 0.342625 0.636273 0.035687 0.060213
0 0.284518 0.499745 0.019839 0.051861
0 0.320510 0.535134 0.019771 0.041750
0 0.268760 0.359236 0.032240 0.052731
0 0.237320 0.249375 0.026193 0.046565
0 0.062880 0.032005 0.025396 0.042102
0 0.133807 0.836213 0.030552 0.058704
0 0.260518 0.834458 0.024589 0.052694
0 0.083240 0.737185 0.023458 0.045741
0 0.350542 0.162111 0.027052 0.054185
0 0.287695 0.104528 0.030464 0.060167
0 0.456122 0.230352 0.019474 0.054148
0 0.441320 0.238069 0.029234 0.064583
0 0.722091 0.314213 0.026224 0.046630
