0 0.796833 0.516343 0.029771 0.063981
0 0.773198 0.486440 0.030969 0.050324
0 0.732557 0.415019 0.030240 0.067759
0 0.707750 0.418880 0.029604 0.058704
0 0.688990 0.379134 0.029635 0.043435
0 0.670602 0.339931 0.028734 0.045194
0 0.651495 0.340157 0.022031 0.048130
0 0.650062 0.252681 0.023687 0.052676
0 0.594695 0.176185 0.024495 0.043630
0 0.537703 0.199722 0.027083 0.057130
0 0.507432 0.186458 0.022010 0.051139
0 0.484042 0.393398 0.021990 0.046574
0 0.470576 0.400917 0.022182 0.043611
0 0.525555 0.460236 0.023547 0.030417
0 0.523609 0.468634 0.021198 0.046583
0 0.538396 0.468014 0.021021 0.045972
0 0.546758 0.546051 0.026255 0.049657
0 0.604896 0.641440 0.032135 0.051194
0 0.278573 0.520370 0.028760 0.061259
0 0.275513 0.481495 0.025495 0.049361
0 0.283802 0.451190 0.021458 0.035528
0 0.197917 0.102542 0.032271 0.066139
0 0.182784 0.076019 0.028776 0.069167
0 0.187898 0.026852 0.028714 0.067481
0 0.448159 0.056745 0.026318 0.049750
0 0.334799 0.649611 0.022172 0.049537
0 0.318036 0.648213 0.024135 0.040852
0 0.342177 0.636940 0.023771 0.040620
0 0.332982 0.597454 0.022870 0.032185
0 0.318331 0.601292 0.023172 0.035380
0 0.265862 0.483204 0.016932 0.036741
0 0.303862 0.504324 0.024693 0.042852
0 0.247815 0.331074 0.032245 0.052741
0 0.261268 0.360069 0.027557 0.049231
0 0.214987 0.221699 0.026193 0.046565
0 0.038349 0.016000 0.025396 0.032000
0 0.102841 0.826884 0.030547 0.058713
0 0.238518 0.808894 0.024589 0.052694
0 0.058029 0.718241 0.023453 0.045741
0 0.326854 0.138046 0.027052 0.054185
0 0.264852 0.071435 0.030464 0.060167
0 0.437927 0.198764 0.020302 0.054139
0 0.424398 0.204977 0.029234 0.064583
0 0.703479 0.276611 0.026229 0.046630
