0 0.746784 0.534903 0.027193 0.058546
0 0.719318 0.504972 0.030969 0.050315
0 0.683185 0.424491 0.030234 0.067759
0 0.654466 0.425718 0.029609 0.058694
0 0.638070 0.385005 0.025880 0.043435
0 0.615339 0.340065 0.028740 0.054185
0 0.594198 0.339824 0.021312 0.048130
0 0.596143 0.252759 0.023859 0.064815
0 0.535497 0.166963 0.024495 0.043630
0 0.476396 0.191741 0.027083 0.057130
0 0.444151 0.179773 0.022010 0.051139
0 0.415820 0.400907 0.021995 0.046574
0 0.404073 0.410815 0.022177 0.043611
0 0.471685 0.474977 0.017974 0.041120
0 0.464089 0.492338 0.020010 0.033676
0 0.458464 0.470190 0.018948 0.033083
0 0.482711 0.553889 0.026255 0.049667
0 0.541042 0.668532 0.032135 0.051194
0 0.162508 0.546361 0.039255 0.086056
0 0.155604 0.486097 0.027458 0.064898
0 0.164516 0.455958 0.023406 0.038380
0 0.077878 0.081843 0.032276 0.066148
0 0.055969 0.047463 0.031698 0.069907
0 0.383013 0.040528 0.026807 0.043759
0 0.276706 0.664171 0.022172 0.047009
0 0.256352 0.658630 0.024661 0.048093
0 0.275992 0.648153 0.027339 0.045750
0 0.268607 0.609815 0.025984 0.035389
0 0.255388 0.614866 0.020568 0.035380
0 0.197141 0.485685 0.018052 0.038241
0 0.238536 0.513532 0.023156 0.038324
0 0.037484 0.827875 0.021375 0.045972
0 0.189706 0.822755 0.024589 0.052694
0 0.238440 0.123755 0.034703 0.065472
0 0.370021 0.187727 0.021104 0.051657
0 0.355758 0.200398 0.023974 0.054537
0 0.653016 0.276440 0.026219 0.046620
