0 0.844099 0.707514 0.024625 0.058694
0 0.817266 0.678926 0.024542 0.055685
0 0.790365 0.608963 0.030240 0.067759
0 0.765643 0.608981 0.029609 0.058704
0 0.751911 0.570644 0.025417 0.039083
0 0.734151 0.532676 0.025385 0.045204
0 0.716589 0.530046 0.022031 0.048130
0 0.718286 0.455579 0.023688 0.052676
0 0.674286 0.387130 0.025365 0.060222
0 0.624818 0.403750 0.031302 0.060093
0 0.593911 0.392417 0.022010 0.051148
0 0.568536 0.574398 0.021990 0.046574
0 0.555859 0.585000 0.018698 0.040556
0 0.605773 0.642083 0.018609 0.055685
0 0.618831 0.650375 0.021193 0.039269
0 0.601086 0.642727 0.014516 0.041065
0 0.622281 0.705227 0.026250 0.049657
0 0.672875 0.806306 0.032135 0.051204
0 0.447503 0.692477 0.030526 0.063102
0 0.444177 0.645097 0.021990 0.052657
0 0.453490 0.624023 0.023708 0.037639
0 0.376872 0.317972 0.021234 0.048130
0 0.368870 0.289403 0.028781 0.069176
0 0.374797 0.245009 0.028698 0.067685
0 0.529995 0.257685 0.026344 0.045278
0 0.634948 0.131435 0.031333 0.036019
0 0.422141 0.783449 0.022094 0.040565
0 0.400180 0.785727 0.018609 0.045120
0 0.424979 0.779852 0.016885 0.036093
0 0.408036 0.748093 0.021510 0.045000
0 0.403549 0.743588 0.022672 0.036157
0 0.354427 0.624861 0.025417 0.060093
0 0.385724 0.660176 0.025427 0.039074
0 0.355315 0.527065 0.028859 0.048204
0 0.368385 0.508231 0.038125 0.058685
0 0.313042 0.387898 0.023698 0.043593
0 0.220380 0.208880 0.027917 0.046593
0 0.213164 0.938333 0.030547 0.058704
0 0.306643 0.936856 0.024589 0.052694
0 0.136576 0.835431 0.022891 0.051046
0 0.121823 0.856389 0.021979 0.045185
