0 0.736456 0.501421 0.027193 0.058546
0 0.712047 0.475755 0.030969 0.050324
0 0.672698 0.395231 0.030240 0.067759
0 0.647995 0.397259 0.029604 0.058704
0 0.629734 0.352801 0.025875 0.043435
0 0.603563 0.313731 0.028740 0.054185
0 0.584583 0.308750 0.022031 0.048130
0 0.587052 0.216185 0.023865 0.064815
0 0.524432 0.138324 0.024500 0.043630
0 0.466802 0.173176 0.027083 0.057130
0 0.433305 0.153273 0.022016 0.051139
0 0.407885 0.369759 0.021990 0.046574
0 0.397336 0.378245 0.022182 0.043602
0 0.465076 0.444838 0.017974 0.041120
0 0.452966 0.460597 0.015339 0.029472
0 0.450812 0.434426 0.018948 0.033074
0 0.475628 0.529963 0.026255 0.049667
0 0.538161 0.637972 0.032135 0.051185
0 0.168466 0.504560 0.034849 0.082602
0 0.161651 0.456412 0.024313 0.047472
0 0.168922 0.430523 0.023406 0.038380
0 0.078930 0.056875 0.032276 0.066139
0 0.061234 0.027778 0.030240 0.055556
0 0.374661 0.018431 0.024479 0.038491
0 0.266273 0.634000 0.022172 0.047019
0 0.248401 0.623833 0.024667 0.048093
0 0.277633 0.621782 0.023766 0.039176
0 0.260451 0.582639 0.022870 0.032185
0 0.246023 0.583829 0.020568 0.035380
0 0.189716 0.458120 0.018047 0.038241
0 0.229125 0.486023 0.023156 0.038324
0 0.031339 0.811435 0.021375 0.045981
0 0.177419 0.798273 0.024589 0.052694
0 0.236237 0.094769 0.034703 0.054185
0 0.363531 0.164120 0.020302 0.054148
0 0.340982 0.159093 0.035089 0.059370
0 0.641583 0.246579 0.026219 0.046620
