0 0.747956 0.575426 0.027193 0.058556
0 0.720271 0.542282 0.030969 0.050324
0 0.683255 0.460759 0.030240 0.067759
0 0.657526 0.466093 0.029604 0.058704
0 0.639430 0.415468 0.025880 0.043435
0 0.613367 0.376935 0.028734 0.054185
0 0.595016 0.372824 0.021313 0.048130
0 0.595396 0.279481 0.023865 0.064815
0 0.532914 0.199000 0.024495 0.043630
0 0.472521 0.222815 0.027083 0.057130
0 0.441635 0.210620 0.022010 0.051148
0 0.414391 0.430287 0.021990 0.046574
0 0.399177 0.432333 0.022177 0.043611
0 0.466667 0.505347 0.017979 0.041120
0 0.459451 0.520236 0.020016 0.033676
0 0.452958 0.500653 0.018948 0.033083
0 0.479299 0.590810 0.026255 0.049657
0 0.536078 0.705912 0.032135 0.051194
0 0.133320 0.556889 0.039255 0.086056
0 0.128984 0.510468 0.027458 0.064898
0 0.136339 0.485949 0.023406 0.038380
0 0.053727 0.111750 0.032276 0.066148
0 0.036172 0.075815 0.031698 0.069907
0 0.038378 0.029157 0.041141 0.054944
0 0.384214 0.064852 0.026812 0.043759
0 0.272779 0.690148 0.022172 0.047019
0 0.255362 0.689093 0.024661 0.048093
0 0.277917 0.679181 0.027344 0.045750
0 0.269961 0.637245 0.025984 0.035398
0 0.250706 0.642213 0.020568 0.035389
0 0.205880 0.509782 0.022146 0.044083
0 0.241367 0.537523 0.023151 0.038324
0 0.190091 0.845894 0.024589 0.052694
0 0.223164 0.150986 0.034703 0.065472
0 0.164990 0.085315 0.026250 0.056333
0 0.369122 0.217912 0.021099 0.051657
0 0.353836 0.228838 0.023974 0.054528
0 0.651927 0.306542 0.026219 0.046620
