0 0.754633 0.772199 0.017026 0.046639
0 0.729284 0.751134 0.021995 0.045120
0 0.705594 0.685713 0.018615 0.046630
0 0.682328 0.681199 0.020302 0.045120
0 0.667523 0.648111 0.015224 0.034593
0 0.651872 0.613514 0.020307 0.037602
0 0.637904 0.608278 0.016932 0.039148
0 0.641719 0.537565 0.019458 0.045130
0 0.597727 0.467625 0.018609 0.043620
0 0.549503 0.485676 0.017766 0.040611
0 0.525815 0.464616 0.021151 0.043620
0 0.496203 0.642847 0.019458 0.042120
0 0.485208 0.638366 0.021146 0.045065
0 0.534698 0.702231 0.020312 0.033056
0 0.543107 0.709065 0.018682 0.033167
0 0.526635 0.707546 0.014427 0.033056
0 0.546977 0.778241 0.024557 0.036111
0 0.593073 0.863940 0.022000 0.043620
0 0.425505 0.745852 0.027135 0.049593
0 0.423867 0.716546 0.020307 0.042111
0 0.428523 0.688338 0.017766 0.030083
0 0.353747 0.392176 0.021234 0.048130
0 0.349417 0.368861 0.023688 0.046630
0 0.354917 0.328505 0.022844 0.057157
0 0.466518 0.336694 0.016193 0.049833
0 0.573612 0.220944 0.025391 0.025556
0 0.469935 0.087852 0.021234 0.048130
0 0.490240 0.058523 0.022927 0.037602
0 0.379833 0.013847 0.018698 0.027694
0 0.394638 0.013093 0.017849 0.026185
0 0.353276 0.838495 0.022094 0.040565
0 0.332076 0.837620 0.018609 0.045130
0 0.354029 0.829347 0.014464 0.036102
0 0.337151 0.801528 0.021979 0.034537
0 0.346427 0.797009 0.021260 0.030074
0 0.290984 0.679722 0.025427 0.046574
0 0.320719 0.713806 0.017813 0.031574
0 0.294807 0.581185 0.021240 0.036111
0 0.308755 0.566111 0.022063 0.036111
0 0.257617 0.458597 0.021141 0.037583
0 0.200937 0.284102 0.026198 0.049630
0 0.164945 0.968463 0.020391 0.040630
0 0.236422 0.974472 0.019521 0.034630
0 0.074000 0.875241 0.016167 0.034556
0 0.058370 0.896231 0.021979 0.043611
0 0.024940 0.011574 0.022932 0.023148
