0 0.721570 0.606523 0.027193 0.058546
0 0.696029 0.573847 0.030964 0.050324
0 0.658354 0.495949 0.030240 0.067750
0 0.631487 0.488968 0.029609 0.058694
0 0.614591 0.450440 0.025880 0.043435
0 0.590594 0.406856 0.028740 0.054176
0 0.565953 0.405491 0.021312 0.048130
0 0.569878 0.307963 0.023859 0.064815
0 0.509659 0.225755 0.024495 0.043639
0 0.464635 0.238657 0.027083 0.057130
0 0.448542 0.257111 0.022010 0.051148
0 0.386031 0.457546 0.021990 0.046574
0 0.372503 0.469843 0.022182 0.043611
0 0.438448 0.540542 0.017979 0.041120
0 0.428159 0.554106 0.020016 0.033676
0 0.422797 0.534644 0.018948 0.033083
0 0.453888 0.624333 0.026255 0.049667
0 0.510542 0.739741 0.032135 0.051185
0 0.076216 0.611032 0.039255 0.086046
0 0.073990 0.566116 0.027458 0.064898
0 0.081349 0.531069 0.023406 0.038380
0 0.011531 0.149653 0.022146 0.066139
0 0.363815 0.092426 0.026807 0.043759
0 0.251867 0.723111 0.022172 0.047019
0 0.235508 0.717241 0.024661 0.048093
0 0.259602 0.712421 0.027339 0.045750
0 0.246070 0.672282 0.025984 0.035398
0 0.232164 0.672134 0.020568 0.035380
0 0.177961 0.541370 0.022141 0.044093
0 0.218096 0.580394 0.027307 0.043009
0 0.170305 0.894171 0.024589 0.052694
0 0.189956 0.183699 0.034703 0.065472
0 0.129458 0.122917 0.026250 0.056333
0 0.340523 0.245287 0.026974 0.057944
0 0.326156 0.258935 0.028656 0.061889
0 0.630560 0.335134 0.026224 0.046620
