0 0.851503 0.697741 0.024620 0.058704
0 0.823609 0.667644 0.024542 0.055694
0 0.794427 0.599940 0.030240 0.067750
0 0.774526 0.590935 0.029604 0.058704
0 0.751271 0.551093 0.025417 0.039093
0 0.736052 0.521019 0.025385 0.045204
0 0.718281 0.513500 0.022031 0.048130
0 0.719135 0.436023 0.023688 0.052676
0 0.669214 0.371361 0.025354 0.043630
0 0.617635 0.387185 0.027083 0.057130
0 0.590526 0.372111 0.022010 0.051148
0 0.555854 0.564167 0.021990 0.046574
0 0.548594 0.574157 0.015333 0.043611
0 0.603797 0.628870 0.018073 0.046667
0 0.613682 0.634338 0.022031 0.043769
0 0.597549 0.638685 0.012818 0.047778
0 0.620953 0.702704 0.026250 0.049667
0 0.675826 0.798361 0.032130 0.051204
0 0.415320 0.687671 0.028016 0.060083
0 0.413969 0.642829 0.027969 0.056991
0 0.419646 0.619273 0.023708 0.037639
0 0.340073 0.292926 0.022948 0.064630
0 0.326568 0.264838 0.028781 0.069176
0 0.333344 0.223583 0.028708 0.065444
0 0.524354 0.243148 0.026344 0.045278
0 0.618875 0.105870 0.031333 0.036019
0 0.420036 0.785694 0.026302 0.054074
0 0.398487 0.777731 0.018609 0.050185
0 0.424065 0.779134 0.019297 0.036102
0 0.414607 0.745731 0.026984 0.046574
0 0.401872 0.741319 0.022078 0.034676
0 0.349885 0.627037 0.025417 0.060093
0 0.382104 0.655074 0.027969 0.043574
0 0.348547 0.518810 0.025469 0.040713
0 0.357406 0.502727 0.022906 0.040620
0 0.311792 0.378083 0.034656 0.057130
0 0.186089 0.199657 0.025396 0.042111
0 0.204703 0.942847 0.030552 0.058713
0 0.314685 0.944329 0.024589 0.052694
0 0.146284 0.843468 0.022891 0.051046
0 0.128438 0.868426 0.021979 0.045185
0 0.440698 0.324472 0.027052 0.054185
