0 0.839995 0.643398 0.029792 0.083611
0 0.810424 0.633833 0.030964 0.050315
0 0.773120 0.561204 0.030240 0.067759
0 0.753320 0.562519 0.029609 0.058704
0 0.735729 0.522181 0.029635 0.043435
0 0.709615 0.481852 0.028740 0.045204
0 0.692844 0.475454 0.022031 0.048130
0 0.694365 0.390773 0.023688 0.052676
0 0.643875 0.322056 0.024500 0.043630
0 0.588422 0.338472 0.027083 0.057130
0 0.555651 0.319926 0.022010 0.051148
0 0.527979 0.525222 0.021990 0.046574
0 0.517070 0.530116 0.022182 0.043602
0 0.568286 0.592356 0.027104 0.051250
0 0.564344 0.604907 0.019479 0.043741
0 0.577997 0.601394 0.026026 0.039657
0 0.587591 0.668301 0.026255 0.049657
0 0.642516 0.774139 0.032135 0.051204
0 0.323688 0.656370 0.028010 0.060093
0 0.319385 0.601606 0.027969 0.056991
0 0.328818 0.568310 0.026729 0.049676
0 0.253872 0.232704 0.032276 0.066148
0 0.238242 0.201565 0.028776 0.069167
0 0.240104 0.153509 0.028719 0.067481
0 0.499773 0.184347 0.026318 0.054269
0 0.589260 0.026153 0.031333 0.036009
0 0.388414 0.763069 0.021432 0.055954
0 0.373570 0.759856 0.037995 0.050528
0 0.398292 0.742014 0.021708 0.036917
0 0.379888 0.715491 0.026984 0.046574
0 0.361932 0.719639 0.026292 0.060204
0 0.312490 0.590792 0.018844 0.036231
0 0.354539 0.629463 0.021036 0.038907
0 0.303328 0.455227 0.022771 0.042157
0 0.270469 0.336912 0.018573 0.046565
0 0.102333 0.130472 0.025396 0.042111
0 0.158362 0.916852 0.030547 0.058704
0 0.289471 0.916653 0.024589 0.052694
0 0.111143 0.816676 0.023453 0.045741
0 0.089656 0.845444 0.021979 0.042926
0 0.379492 0.262741 0.027047 0.054185
0 0.318958 0.201556 0.030469 0.060167
0 0.484352 0.327000 0.019474 0.054148
0 0.466146 0.327051 0.023656 0.046583
