0 0.759922 0.768065 0.017031 0.046648
0 0.733091 0.750384 0.021995 0.045120
0 0.711516 0.680449 0.018615 0.046620
0 0.686560 0.676690 0.020307 0.045120
0 0.674292 0.646602 0.015229 0.034593
0 0.654833 0.612014 0.020302 0.037602
0 0.642698 0.603259 0.016937 0.039148
0 0.645526 0.530796 0.019458 0.045130
0 0.601109 0.464616 0.018615 0.043620
0 0.553732 0.480407 0.017766 0.040611
0 0.530888 0.458602 0.021151 0.043611
0 0.499589 0.638333 0.019458 0.042111
0 0.489229 0.638366 0.019865 0.042065
0 0.536391 0.697722 0.020312 0.033056
0 0.545362 0.706056 0.018682 0.033167
0 0.529599 0.705287 0.014427 0.033056
0 0.549516 0.773731 0.024563 0.036111
0 0.597305 0.860931 0.021995 0.043620
0 0.425505 0.742241 0.027135 0.049593
0 0.426125 0.709528 0.020302 0.042111
0 0.430214 0.683074 0.017771 0.030093
0 0.355440 0.385657 0.021234 0.048130
0 0.351109 0.361843 0.023688 0.046630
0 0.357456 0.321986 0.022839 0.057157
0 0.472724 0.328171 0.016198 0.049824
0 0.579534 0.216435 0.025391 0.025556
0 0.475857 0.083343 0.021234 0.048130
0 0.492776 0.052514 0.022927 0.037602
0 0.354292 0.837292 0.022094 0.040565
0 0.332922 0.837116 0.018615 0.045120
0 0.357130 0.826708 0.014583 0.036102
0 0.341807 0.797009 0.021979 0.034537
0 0.348120 0.796259 0.021260 0.030074
0 0.292674 0.676116 0.025432 0.046565
0 0.321849 0.712806 0.017812 0.031574
0 0.296500 0.580185 0.021240 0.036111
0 0.311013 0.560102 0.022057 0.036111
0 0.258747 0.446060 0.021141 0.037583
0 0.202630 0.278083 0.026198 0.049630
0 0.166073 0.965454 0.020396 0.040630
0 0.238958 0.974472 0.019521 0.034630
0 0.075690 0.870727 0.016161 0.034546
0 0.062599 0.896231 0.021979 0.043611
0 0.027891 0.007083 0.017031 0.014167
