0 0.875516 0.681667 0.028125 0.070148
0 0.847161 0.664685 0.024542 0.055685
0 0.811943 0.597171 0.030240 0.067750
0 0.789055 0.597051 0.029609 0.058694
0 0.773294 0.555273 0.029630 0.043435
0 0.749354 0.521472 0.028740 0.045204
0 0.729922 0.515889 0.022031 0.048130
0 0.735484 0.432588 0.023687 0.052676
0 0.684911 0.360412 0.025354 0.043639
0 0.630214 0.376667 0.027083 0.057130
0 0.600320 0.368056 0.022016 0.051148
0 0.571406 0.566333 0.021990 0.046574
0 0.560427 0.568806 0.015333 0.043611
0 0.615953 0.625125 0.018073 0.042917
0 0.626547 0.634972 0.022031 0.043759
0 0.614461 0.631509 0.017547 0.042037
0 0.634219 0.705236 0.026250 0.049657
0 0.690740 0.814741 0.032135 0.051204
0 0.404792 0.686505 0.028010 0.060083
0 0.401281 0.639824 0.027969 0.056981
0 0.408404 0.616995 0.014755 0.028435
0 0.328906 0.296778 0.022948 0.066148
0 0.316245 0.259023 0.028781 0.069176
0 0.320997 0.215861 0.028714 0.070648
0 0.537276 0.232991 0.026344 0.045278
0 0.627615 0.086315 0.031333 0.036019
0 0.430833 0.794944 0.031396 0.057037
0 0.411010 0.789769 0.018615 0.050185
0 0.435034 0.785486 0.020099 0.036102
0 0.426029 0.749866 0.026984 0.046565
0 0.407794 0.748542 0.022078 0.034676
0 0.359081 0.625676 0.019984 0.049981
0 0.395458 0.663315 0.023292 0.041296
0 0.344914 0.495565 0.027557 0.047630
0 0.358495 0.517991 0.019792 0.032870
0 0.318982 0.380593 0.034943 0.057130
0 0.178755 0.186620 0.025396 0.042111
0 0.209779 0.950537 0.030547 0.058704
0 0.327341 0.950162 0.024589 0.052694
0 0.139328 0.880926 0.021979 0.045185
0 0.439896 0.321398 0.027052 0.054185
0 0.379872 0.262023 0.022005 0.051139
