0 0.826549 0.735356 0.018714 0.046639
0 0.805424 0.698477 0.021995 0.051176
0 0.778352 0.640588 0.018609 0.046620
0 0.753820 0.627801 0.020307 0.045120
0 0.736464 0.592449 0.017792 0.034583
0 0.719977 0.559394 0.020307 0.043657
0 0.702201 0.555630 0.016932 0.039148
0 0.706021 0.484921 0.019458 0.045120
0 0.660755 0.413477 0.018615 0.043620
0 0.609573 0.427769 0.019458 0.051130
0 0.581654 0.411977 0.021151 0.043620
0 0.557115 0.594718 0.019458 0.042120
0 0.544003 0.599264 0.013609 0.036065
0 0.596042 0.663167 0.017771 0.043593
0 0.605727 0.667685 0.020359 0.034722
0 0.588839 0.671023 0.018875 0.029250
0 0.612549 0.735329 0.025411 0.043602
0 0.660344 0.837620 0.019437 0.043611
0 0.457654 0.707500 0.028839 0.054111
0 0.456867 0.673671 0.021984 0.052657
0 0.462797 0.645083 0.023708 0.037648
0 0.387867 0.339028 0.021234 0.048130
0 0.378182 0.308194 0.023688 0.046630
0 0.386208 0.276611 0.022823 0.061667
0 0.521529 0.280255 0.021255 0.045324
0 0.626917 0.154731 0.030479 0.028537
0 0.508852 0.019861 0.021234 0.039722
0 0.409448 0.803000 0.022094 0.040556
0 0.391719 0.803778 0.018615 0.045130
0 0.416154 0.792023 0.015964 0.036102
0 0.389182 0.759407 0.021979 0.034537
0 0.401005 0.758657 0.023812 0.030074
0 0.344281 0.645134 0.025427 0.046565
0 0.376424 0.678972 0.018672 0.045093
0 0.346846 0.539852 0.018724 0.034667
0 0.357828 0.527009 0.022063 0.036111
0 0.307120 0.404444 0.023698 0.043593
0 0.227151 0.229185 0.027917 0.046593
0 0.203438 0.942880 0.022938 0.043667
0 0.290990 0.948903 0.022052 0.037620
0 0.123482 0.852694 0.018682 0.040593
0 0.109130 0.866148 0.021979 0.043611
