0 0.836664 0.698898 0.024620 0.058704
0 0.808188 0.669032 0.024542 0.055694
0 0.782458 0.604236 0.030240 0.067750
0 0.758268 0.599588 0.029609 0.058694
0 0.744635 0.567634 0.025417 0.039083
0 0.722516 0.530042 0.025385 0.045194
0 0.707646 0.523167 0.022031 0.048130
0 0.710250 0.446551 0.023688 0.052676
0 0.664135 0.378880 0.025354 0.043630
0 0.610865 0.393204 0.027083 0.057130
0 0.583758 0.379630 0.022016 0.051148
0 0.558383 0.566880 0.021995 0.046574
0 0.544016 0.567685 0.022083 0.045093
0 0.598568 0.628519 0.017760 0.049630
0 0.606706 0.633829 0.021193 0.039269
0 0.598841 0.634477 0.022401 0.042250
0 0.611284 0.702819 0.026255 0.049657
0 0.663115 0.801093 0.032135 0.051204
0 0.430172 0.672190 0.026323 0.055620
0 0.425026 0.634977 0.021990 0.052657
0 0.436146 0.606727 0.023708 0.037639
0 0.354878 0.294690 0.022953 0.061602
0 0.346872 0.274366 0.028776 0.069176
0 0.353646 0.229222 0.028698 0.063185
0 0.524917 0.248662 0.026344 0.045287
0 0.625924 0.115894 0.031339 0.036009
0 0.410016 0.786639 0.021865 0.041019
0 0.393411 0.778792 0.018615 0.046287
0 0.417029 0.776833 0.017682 0.036093
0 0.410719 0.740801 0.015990 0.045009
0 0.397052 0.737981 0.019563 0.036148
0 0.345875 0.618009 0.025417 0.060093
0 0.383354 0.650704 0.025427 0.039074
0 0.350234 0.517306 0.025469 0.040722
0 0.357698 0.497014 0.022906 0.040620
0 0.309846 0.380046 0.023693 0.043593
0 0.206823 0.193880 0.021146 0.040574
0 0.212086 0.923981 0.030547 0.058704
0 0.305375 0.923319 0.024583 0.052694
0 0.136120 0.833810 0.022896 0.051046
0 0.119604 0.851130 0.021979 0.045185
0 0.446701 0.328481 0.027047 0.054185
