0 0.837966 0.694731 0.024620 0.058704
0 0.809229 0.667644 0.024542 0.055694
0 0.785797 0.604454 0.030240 0.067759
0 0.760990 0.599958 0.029604 0.058694
0 0.746198 0.567634 0.025417 0.039083
0 0.728437 0.528537 0.025385 0.045204
0 0.711510 0.524028 0.022031 0.048130
0 0.713214 0.446551 0.023687 0.052676
0 0.668651 0.381889 0.025354 0.043630
0 0.620172 0.397333 0.027083 0.057130
0 0.589172 0.382037 0.022010 0.051148
0 0.562615 0.568380 0.021990 0.046574
0 0.550781 0.579222 0.022083 0.045093
0 0.603234 0.631551 0.018604 0.055676
0 0.610089 0.638343 0.021188 0.039259
0 0.599805 0.634431 0.020474 0.042250
0 0.615935 0.704477 0.026255 0.049657
0 0.667302 0.804176 0.032135 0.051204
0 0.435237 0.675931 0.030526 0.063102
0 0.433180 0.637574 0.021984 0.052648
0 0.442490 0.611991 0.023708 0.037648
0 0.362060 0.306713 0.025464 0.052593
0 0.353641 0.280375 0.028781 0.069176
0 0.362953 0.236741 0.028698 0.063185
0 0.528724 0.254306 0.026344 0.045278
0 0.628182 0.117898 0.031333 0.036019
0 0.412594 0.785731 0.022094 0.040556
0 0.395104 0.780088 0.018615 0.045120
0 0.417716 0.777718 0.017224 0.036102
0 0.411333 0.744630 0.015990 0.045000
0 0.398281 0.740718 0.019563 0.036157
0 0.348505 0.617343 0.025417 0.060093
0 0.380646 0.657926 0.025427 0.039074
0 0.353620 0.518810 0.025469 0.040713
0 0.363312 0.493185 0.022906 0.040630
0 0.311352 0.383389 0.023693 0.043593
0 0.213180 0.196889 0.033859 0.046593
0 0.213625 0.923431 0.030552 0.058713
0 0.303685 0.929338 0.024589 0.052694
0 0.136380 0.834736 0.022896 0.051046
0 0.120870 0.854130 0.021979 0.045185
