0 0.758089 0.481620 0.029771 0.063981
0 0.725677 0.441986 0.030969 0.050324
0 0.695104 0.374227 0.030240 0.067750
0 0.669333 0.377384 0.029604 0.058694
0 0.651714 0.332819 0.032667 0.043435
0 0.627328 0.296981 0.028740 0.045204
0 0.609703 0.297963 0.022031 0.048130
0 0.609685 0.205856 0.024703 0.052676
0 0.553201 0.141468 0.024495 0.043639
0 0.496323 0.159056 0.027083 0.057130
0 0.464125 0.145065 0.022010 0.051148
0 0.439906 0.357157 0.021990 0.046574
0 0.428201 0.367199 0.022182 0.043602
0 0.491378 0.431532 0.021828 0.037602
0 0.482833 0.433722 0.021198 0.056981
0 0.482661 0.423954 0.021021 0.045963
0 0.506966 0.501894 0.026255 0.049657
0 0.563990 0.608713 0.032135 0.051185
0 0.227029 0.495569 0.028016 0.060083
0 0.224401 0.444866 0.021146 0.038491
0 0.233839 0.411347 0.023406 0.038380
0 0.136513 0.059718 0.032276 0.066139
0 0.118823 0.034472 0.028781 0.068944
0 0.402310 0.021481 0.026318 0.049741
0 0.295904 0.608625 0.022172 0.049546
0 0.279497 0.605167 0.024130 0.041556
0 0.304299 0.603532 0.023766 0.039176
0 0.295216 0.563620 0.022870 0.032185
0 0.278815 0.562444 0.023995 0.035389
0 0.212674 0.437708 0.018047 0.038231
0 0.260792 0.474880 0.023156 0.038333
0 0.203503 0.298523 0.028693 0.048917
0 0.220005 0.328037 0.017990 0.033000
0 0.168388 0.177134 0.026193 0.046565
0 0.061253 0.793495 0.030547 0.058713
0 0.198466 0.785144 0.024589 0.052694
0 0.017753 0.692111 0.016578 0.036148
0 0.277612 0.088833 0.034703 0.054185
0 0.215122 0.036046 0.030464 0.060167
0 0.394979 0.159852 0.020302 0.054148
0 0.374549 0.157806 0.029234 0.064593
0 0.662367 0.233644 0.026224 0.046620
