0 0.835688 0.702019 0.024625 0.058704
0 0.807406 0.670074 0.024542 0.055685
0 0.780646 0.605528 0.030240 0.067759
0 0.758086 0.600722 0.029609 0.058704
0 0.743464 0.567634 0.025417 0.039083
0 0.721672 0.530042 0.025385 0.045194
0 0.704745 0.522519 0.022031 0.048130
0 0.708031 0.446551 0.023688 0.052676
0 0.662552 0.379444 0.025354 0.043630
0 0.609708 0.394019 0.027083 0.057130
0 0.580904 0.380194 0.022016 0.051148
0 0.555484 0.565593 0.021990 0.046574
0 0.542563 0.568981 0.022083 0.045093
0 0.598568 0.629259 0.017760 0.048148
0 0.605576 0.633829 0.021193 0.039269
0 0.598120 0.634514 0.023844 0.042250
0 0.608745 0.704625 0.026250 0.049657
0 0.660073 0.801991 0.032135 0.051204
0 0.427125 0.673097 0.026323 0.055620
0 0.423641 0.635384 0.021990 0.052657
0 0.434875 0.605977 0.023708 0.037639
0 0.352341 0.294690 0.022953 0.061602
0 0.343487 0.273611 0.028776 0.069167
0 0.349839 0.229222 0.028698 0.063185
0 0.523224 0.247907 0.026344 0.045278
0 0.622258 0.114139 0.031339 0.036019
0 0.410617 0.786782 0.021630 0.041491
0 0.393411 0.779380 0.018615 0.047463
0 0.416516 0.776171 0.018031 0.036102
0 0.410255 0.737931 0.015990 0.045009
0 0.396128 0.735931 0.019568 0.036157
0 0.343901 0.618509 0.025417 0.060093
0 0.382000 0.649500 0.025427 0.039074
0 0.346927 0.512384 0.025469 0.040713
0 0.356315 0.497833 0.022901 0.040630
0 0.308719 0.377537 0.023698 0.043593
0 0.200901 0.192375 0.021146 0.040583
0 0.210935 0.924389 0.030547 0.058704
0 0.304346 0.925685 0.024589 0.052704
0 0.135924 0.833116 0.022891 0.051046
0 0.118557 0.852954 0.021979 0.045185
0 0.443146 0.327583 0.027052 0.054185
