0 0.873992 0.679963 0.028120 0.070148
0 0.844987 0.665083 0.023141 0.058704
0 0.813391 0.603616 0.030240 0.067750
0 0.787609 0.598213 0.029604 0.058704
0 0.774310 0.562491 0.029630 0.043444
0 0.749714 0.527273 0.028740 0.045194
0 0.729557 0.518472 0.022031 0.048130
0 0.734974 0.434394 0.023688 0.052676
0 0.681865 0.357856 0.025354 0.043639
0 0.625646 0.377574 0.027083 0.057130
0 0.596260 0.372569 0.022010 0.051139
0 0.570279 0.568463 0.021995 0.046574
0 0.557701 0.569315 0.018755 0.043611
0 0.615953 0.626995 0.018073 0.039176
0 0.620839 0.636477 0.022031 0.043769
0 0.610992 0.631880 0.017547 0.042037
0 0.630201 0.711630 0.026255 0.049667
0 0.687354 0.816250 0.032135 0.051204
0 0.387891 0.699815 0.029427 0.054630
0 0.382828 0.650231 0.024740 0.050333
0 0.395078 0.620449 0.028573 0.040657
0 0.311815 0.294370 0.022953 0.066148
0 0.300849 0.258718 0.028781 0.069176
0 0.306956 0.216764 0.028714 0.070657
0 0.535161 0.231491 0.026344 0.045278
0 0.624232 0.084060 0.031339 0.036009
0 0.427237 0.801213 0.031401 0.057037
0 0.409487 0.789769 0.018609 0.050185
0 0.437216 0.789097 0.020443 0.036102
0 0.422221 0.753250 0.026984 0.046574
0 0.407794 0.754856 0.022078 0.034676
0 0.366081 0.618551 0.022495 0.034231
0 0.397471 0.670153 0.024849 0.042065
0 0.341763 0.491111 0.026901 0.046759
0 0.357591 0.519588 0.022234 0.035454
0 0.315810 0.382093 0.035359 0.057130
0 0.162396 0.189130 0.025396 0.042111
0 0.208651 0.949565 0.030552 0.058704
0 0.327263 0.948236 0.024589 0.052694
0 0.137635 0.884685 0.021979 0.045185
0 0.433635 0.322907 0.027052 0.054185
0 0.370565 0.255708 0.022005 0.051139
