0 0.743060 0.584491 0.027193 0.058556
0 0.716802 0.552435 0.030969 0.050315
0 0.676318 0.468731 0.030240 0.067759
0 0.652630 0.473708 0.029604 0.058694
0 0.635146 0.427440 0.025875 0.043435
0 0.609490 0.387454 0.028740 0.054185
0 0.589708 0.380444 0.021313 0.048130
0 0.589888 0.291083 0.023859 0.064815
0 0.529036 0.210606 0.024500 0.043639
0 0.470276 0.232602 0.027083 0.057130
0 0.439612 0.221806 0.022016 0.051148
0 0.409904 0.437898 0.021995 0.046574
0 0.395302 0.441769 0.022177 0.043611
0 0.460547 0.515866 0.017979 0.041120
0 0.453945 0.526403 0.020016 0.033676
0 0.447448 0.512981 0.018948 0.033074
0 0.475422 0.599148 0.026250 0.049667
0 0.531792 0.716065 0.032135 0.051185
0 0.115977 0.580949 0.039255 0.086046
0 0.106984 0.539042 0.027458 0.064898
0 0.118573 0.504000 0.023406 0.038370
0 0.041883 0.118514 0.032276 0.066139
0 0.027286 0.087843 0.031698 0.069907
0 0.032625 0.038907 0.040792 0.068519
0 0.381674 0.072375 0.026807 0.043750
0 0.269716 0.699944 0.022172 0.047019
0 0.252505 0.699611 0.024667 0.048093
0 0.275469 0.688245 0.027344 0.045750
0 0.263638 0.645588 0.025984 0.035398
0 0.245195 0.649468 0.020568 0.035380
0 0.197419 0.521815 0.022141 0.044093
0 0.235445 0.546542 0.023151 0.038324
0 0.184690 0.853560 0.024589 0.052694
0 0.219568 0.158134 0.034698 0.065472
0 0.156526 0.092833 0.026250 0.056333
0 0.365315 0.229190 0.021099 0.051657
0 0.353414 0.237106 0.023974 0.054528
0 0.648458 0.313069 0.026219 0.046620
