0 0.814615 0.540398 0.029792 0.061056
0 0.784195 0.507495 0.030964 0.050324
0 0.752859 0.443593 0.030240 0.067759
0 0.725516 0.435426 0.029604 0.058704
0 0.707599 0.397181 0.029635 0.043435
0 0.682656 0.362407 0.028740 0.045204
0 0.662693 0.360731 0.022031 0.048130
0 0.669521 0.272236 0.023688 0.052676
0 0.614154 0.204759 0.024495 0.043630
0 0.556315 0.225287 0.027089 0.057130
0 0.523508 0.207514 0.022016 0.051139
0 0.497779 0.414074 0.021995 0.046574
0 0.488596 0.421472 0.022182 0.043611
0 0.542622 0.494329 0.023547 0.030417
0 0.536802 0.484690 0.021198 0.040731
0 0.547641 0.482880 0.021021 0.045963
0 0.558742 0.559486 0.026255 0.049657
0 0.613495 0.662741 0.032135 0.051185
0 0.296638 0.540208 0.029505 0.062435
0 0.295419 0.487375 0.027964 0.056991
0 0.305130 0.469208 0.026729 0.049676
0 0.216529 0.119083 0.032276 0.066148
0 0.200552 0.091060 0.028781 0.069176
0 0.203971 0.041898 0.028714 0.067481
0 0.463388 0.073292 0.026318 0.049750
0 0.354180 0.672435 0.019349 0.055870
0 0.336094 0.665319 0.029198 0.046324
0 0.357971 0.656597 0.023307 0.039806
0 0.349539 0.620134 0.027964 0.039417
0 0.340422 0.620606 0.031271 0.058546
0 0.277117 0.490389 0.020953 0.053519
0 0.316307 0.521889 0.021406 0.042111
0 0.264820 0.345315 0.032245 0.052741
0 0.279729 0.372458 0.026906 0.048380
0 0.232753 0.233736 0.026193 0.046565
0 0.056958 0.020514 0.025396 0.041028
0 0.125685 0.825384 0.030547 0.058713
0 0.260518 0.825440 0.024589 0.052694
0 0.079180 0.731778 0.023453 0.045741
0 0.345469 0.150074 0.027052 0.054185
0 0.280924 0.098509 0.030464 0.060167
0 0.451464 0.215306 0.020302 0.054148
0 0.432013 0.224532 0.029234 0.064583
0 0.722938 0.302181 0.026229 0.046620
