0 0.740128 0.513750 0.027193 0.058556
0 0.715445 0.485329 0.030964 0.050324
0 0.675958 0.400315 0.030240 0.067759
0 0.651115 0.407079 0.029604 0.058694
0 0.632685 0.358394 0.025880 0.043435
0 0.607500 0.317227 0.028740 0.054176
0 0.589307 0.315398 0.022031 0.048130
0 0.591185 0.221787 0.023859 0.064815
0 0.527188 0.142870 0.024500 0.043630
0 0.467000 0.175620 0.027083 0.057130
0 0.436453 0.154671 0.022010 0.051139
0 0.411146 0.378833 0.021990 0.046574
0 0.396943 0.382444 0.022177 0.043611
0 0.468617 0.454662 0.017974 0.041120
0 0.455305 0.462699 0.020016 0.033676
0 0.454641 0.447269 0.018948 0.033074
0 0.479169 0.537519 0.026255 0.049667
0 0.540427 0.647796 0.032135 0.051185
0 0.164385 0.526319 0.034854 0.082602
0 0.159612 0.466931 0.024307 0.047472
0 0.168922 0.438023 0.023406 0.038380
0 0.077216 0.062532 0.032276 0.066139
0 0.061964 0.034954 0.031698 0.069907
0 0.375836 0.021056 0.026807 0.043759
0 0.267651 0.632602 0.022177 0.047019
0 0.252133 0.641972 0.024661 0.048093
0 0.275659 0.625819 0.027339 0.045750
0 0.262018 0.584208 0.025984 0.035398
0 0.248779 0.588023 0.020568 0.035380
0 0.185310 0.456380 0.018047 0.038241
0 0.232552 0.488634 0.023156 0.038324
0 0.033109 0.808634 0.021375 0.045972
0 0.178008 0.798273 0.024589 0.052694
0 0.236219 0.100412 0.034698 0.065472
0 0.363930 0.162875 0.021099 0.051657
0 0.346596 0.173954 0.023974 0.054537
0 0.645318 0.247981 0.026219 0.046630
