0 0.847271 0.714282 0.024625 0.058694
0 0.818536 0.688699 0.022844 0.052676
0 0.794839 0.619509 0.024552 0.049463
0 0.765789 0.619014 0.028464 0.050676
0 0.753813 0.575157 0.025417 0.039093
0 0.736052 0.536060 0.025385 0.045194
0 0.719125 0.542074 0.022031 0.048130
0 0.721250 0.466875 0.019458 0.045120
0 0.675417 0.397417 0.023115 0.054685
0 0.623117 0.418764 0.027932 0.060120
0 0.595044 0.401694 0.021443 0.046130
0 0.568120 0.580435 0.021156 0.058648
0 0.555859 0.589505 0.018698 0.049565
0 0.604081 0.649602 0.018609 0.055685
0 0.618417 0.652648 0.020365 0.034722
0 0.601086 0.660773 0.014516 0.041065
0 0.623547 0.718782 0.025417 0.043602
0 0.676417 0.811315 0.019438 0.045148
0 0.454833 0.702481 0.028833 0.054111
0 0.453341 0.668657 0.021984 0.052648
0 0.460255 0.637866 0.023708 0.037639
0 0.383133 0.325796 0.021234 0.048130
0 0.374365 0.296162 0.026250 0.061676
0 0.384104 0.257037 0.028698 0.067685
0 0.536760 0.263704 0.026344 0.045278
0 0.637917 0.141194 0.030479 0.028537
0 0.511393 0.016852 0.021234 0.033704
0 0.422141 0.792472 0.022094 0.040556
0 0.404622 0.792495 0.018609 0.045120
0 0.428654 0.781986 0.016536 0.036102
0 0.404844 0.753412 0.026240 0.037454
0 0.416232 0.752611 0.028891 0.036148
0 0.355703 0.635551 0.025427 0.049954
0 0.386852 0.666944 0.025422 0.039074
0 0.357701 0.530060 0.024089 0.042213
0 0.371495 0.514991 0.027406 0.045167
0 0.318966 0.393917 0.023693 0.043593
0 0.229687 0.220917 0.027917 0.046593
0 0.213159 0.940602 0.030536 0.054167
0 0.309180 0.944889 0.022901 0.042648
0 0.144635 0.842935 0.022073 0.042056
0 0.127745 0.863144 0.028750 0.055657
