0 0.836703 0.732347 0.018708 0.046639
0 0.813039 0.695468 0.021995 0.051176
0 0.784687 0.642069 0.024552 0.049454
0 0.759307 0.628537 0.027896 0.046667
0 0.745357 0.596213 0.023734 0.039093
0 0.726745 0.551097 0.025385 0.045194
0 0.713203 0.558620 0.022031 0.048130
0 0.716172 0.484171 0.019458 0.045120
0 0.670063 0.405208 0.018615 0.043620
0 0.617617 0.435301 0.025391 0.054120
0 0.590674 0.406958 0.021151 0.043620
0 0.562193 0.593213 0.019458 0.042111
0 0.551615 0.599264 0.013604 0.036065
0 0.601964 0.661667 0.017771 0.043593
0 0.610802 0.669194 0.020365 0.034722
0 0.592177 0.666611 0.017188 0.035093
0 0.618471 0.732319 0.025411 0.043602
0 0.670495 0.830097 0.019437 0.043620
0 0.456526 0.705491 0.028833 0.054111
0 0.455458 0.671667 0.021990 0.052648
0 0.462797 0.643278 0.023708 0.037648
0 0.389221 0.335722 0.021234 0.048130
0 0.379448 0.304185 0.024542 0.051648
0 0.388044 0.270083 0.024786 0.063667
0 0.530839 0.277241 0.026344 0.045278
0 0.633263 0.154731 0.030474 0.028537
0 0.512029 0.017981 0.021234 0.035963
0 0.417490 0.803000 0.022094 0.040556
0 0.398911 0.800773 0.018615 0.045120
0 0.424487 0.790815 0.016193 0.036093
0 0.398208 0.757907 0.021979 0.034537
0 0.409182 0.758653 0.023813 0.030083
0 0.351052 0.642125 0.025427 0.046565
0 0.382339 0.675213 0.025427 0.043574
0 0.354453 0.536074 0.023812 0.039222
0 0.365435 0.526273 0.026276 0.042157
0 0.314310 0.399931 0.023693 0.043583
0 0.232508 0.230940 0.027911 0.046583
0 0.209208 0.945366 0.030531 0.052657
0 0.298602 0.956426 0.022057 0.037630
0 0.134484 0.857972 0.022073 0.042056
0 0.115052 0.869162 0.028750 0.049639
