0 0.767635 0.484519 0.029771 0.063981
0 0.736987 0.456051 0.030964 0.050324
0 0.707276 0.390009 0.030240 0.067759
0 0.675260 0.388759 0.029604 0.058704
0 0.661768 0.348287 0.032661 0.043444
0 0.638380 0.312037 0.028740 0.045204
0 0.620703 0.307630 0.022031 0.048130
0 0.621956 0.221468 0.024703 0.052676
0 0.567284 0.147907 0.024495 0.043630
0 0.506740 0.173852 0.027083 0.057130
0 0.479516 0.160588 0.022010 0.051139
0 0.450484 0.368583 0.021990 0.046574
0 0.443362 0.377352 0.022182 0.043611
0 0.503372 0.444532 0.023547 0.030417
0 0.498453 0.445819 0.021198 0.046583
0 0.495068 0.442699 0.021021 0.045972
0 0.518781 0.513412 0.026250 0.049657
0 0.577208 0.619593 0.032135 0.051185
0 0.241255 0.496606 0.028010 0.060083
0 0.245115 0.461106 0.021146 0.038491
0 0.250484 0.427162 0.023406 0.038380
0 0.156065 0.082315 0.032276 0.066148
0 0.141901 0.052060 0.028781 0.069176
0 0.148268 0.014130 0.027828 0.028241
0 0.412628 0.023657 0.026318 0.049741
0 0.307393 0.626644 0.022172 0.049546
0 0.290807 0.619606 0.024135 0.040843
0 0.311219 0.614245 0.023771 0.039176
0 0.299784 0.573921 0.022870 0.032176
0 0.291219 0.576921 0.024000 0.035380
0 0.229161 0.456380 0.018052 0.038241
0 0.273927 0.488079 0.023156 0.038324
0 0.215289 0.312486 0.028693 0.048917
0 0.226133 0.338634 0.019974 0.033639
0 0.183810 0.198755 0.026193 0.046565
0 0.073414 0.799880 0.030547 0.058704
0 0.210005 0.795042 0.024583 0.052694
0 0.029760 0.707787 0.023458 0.045741
0 0.294716 0.109750 0.034703 0.054185
0 0.228701 0.051569 0.030464 0.060176
0 0.410010 0.171690 0.020302 0.054139
0 0.389711 0.176403 0.029234 0.064583
0 0.675635 0.242435 0.026229 0.046630
