0 0.734008 0.497792 0.027193 0.058546
0 0.707557 0.468505 0.030969 0.050324
0 0.665352 0.389435 0.030234 0.067759
0 0.642284 0.391454 0.029609 0.058704
0 0.626062 0.340468 0.025875 0.043435
0 0.599891 0.305755 0.028740 0.054176
0 0.582135 0.301495 0.022031 0.048139
0 0.581750 0.214741 0.023865 0.064815
0 0.523073 0.133972 0.024500 0.043630
0 0.466120 0.165435 0.027083 0.057130
0 0.432898 0.145778 0.022016 0.051148
0 0.406526 0.359491 0.021990 0.046574
0 0.393596 0.365556 0.022182 0.043611
0 0.459977 0.437625 0.014307 0.041120
0 0.448070 0.455523 0.015339 0.029472
0 0.449182 0.428620 0.018948 0.033074
0 0.469508 0.517634 0.026255 0.049657
0 0.532042 0.627819 0.032135 0.051194
0 0.165237 0.491245 0.031109 0.070491
0 0.160120 0.451866 0.021146 0.038491
0 0.168922 0.423032 0.023406 0.038380
0 0.080643 0.051213 0.032276 0.066148
0 0.060505 0.020602 0.028781 0.041204
0 0.373487 0.015815 0.022151 0.033222
0 0.263008 0.628921 0.022172 0.047009
0 0.243914 0.618032 0.024661 0.048102
0 0.276000 0.613079 0.023771 0.039176
0 0.253922 0.576111 0.022875 0.032185
0 0.241539 0.572222 0.020568 0.035389
0 0.185635 0.450870 0.018052 0.038241
0 0.225047 0.476347 0.023156 0.038324
0 0.028484 0.804907 0.021375 0.045981
0 0.169263 0.791745 0.024589 0.052694
0 0.235419 0.087519 0.034703 0.054185
0 0.359448 0.154324 0.020302 0.054148
0 0.341187 0.150028 0.035083 0.059370
0 0.635464 0.237153 0.026219 0.046620
