0 0.774404 0.492037 0.029766 0.063981
0 0.748833 0.466583 0.030969 0.050315
0 0.711508 0.396028 0.030234 0.067759
0 0.689641 0.396278 0.029604 0.058704
0 0.671073 0.358815 0.032667 0.043444
0 0.647685 0.324069 0.028734 0.045194
0 0.629161 0.312139 0.022031 0.048130
0 0.629570 0.233495 0.024703 0.052676
0 0.574052 0.161444 0.024500 0.043630
0 0.516042 0.182880 0.027083 0.057130
0 0.484591 0.168111 0.022016 0.051148
0 0.460635 0.371593 0.021990 0.046574
0 0.448437 0.383370 0.022177 0.043611
0 0.513268 0.452718 0.023547 0.030417
0 0.508844 0.448338 0.021198 0.046583
0 0.502682 0.447213 0.021021 0.045963
0 0.524703 0.522440 0.026250 0.049657
0 0.582281 0.627116 0.032135 0.051194
0 0.251453 0.515343 0.028010 0.060093
0 0.249026 0.466250 0.023594 0.045056
0 0.256943 0.436227 0.023406 0.038380
0 0.162833 0.083824 0.032271 0.066148
0 0.152052 0.050556 0.028781 0.069167
0 0.156370 0.019991 0.028719 0.042204
0 0.421935 0.032681 0.026318 0.049750
0 0.312695 0.630995 0.022172 0.049546
0 0.298969 0.631213 0.024135 0.040852
0 0.320602 0.617866 0.023766 0.039176
0 0.315695 0.581176 0.022870 0.032185
0 0.299786 0.584903 0.024000 0.035380
0 0.238690 0.467861 0.016703 0.038241
0 0.281747 0.494727 0.023151 0.038324
0 0.223159 0.320356 0.028693 0.048917
0 0.233023 0.344917 0.021953 0.034278
0 0.190664 0.207458 0.026193 0.046565
0 0.081872 0.812412 0.030547 0.058713
0 0.214492 0.798667 0.024589 0.052704
0 0.041747 0.710296 0.023453 0.045741
0 0.306560 0.117278 0.034703 0.054185
0 0.237159 0.057583 0.030464 0.060167
0 0.412547 0.177708 0.020302 0.054139
0 0.396482 0.174898 0.029234 0.064593
0 0.684940 0.243940 0.026224 0.046620
