0 0.873570 0.679713 0.028120 0.070148
0 0.844068 0.664079 0.022438 0.060213
0 0.811911 0.600231 0.030240 0.067759
0 0.786484 0.597708 0.029604 0.058694
0 0.772828 0.559486 0.029635 0.043435
0 0.749078 0.523514 0.028740 0.045194
0 0.729557 0.515843 0.022031 0.048130
0 0.733495 0.432514 0.023688 0.052676
0 0.680510 0.357556 0.025354 0.043630
0 0.624589 0.375315 0.027083 0.057130
0 0.595203 0.369185 0.022010 0.051148
0 0.568589 0.568083 0.021990 0.046574
0 0.555987 0.569222 0.022182 0.043611
0 0.613833 0.628977 0.018354 0.039176
0 0.619357 0.636477 0.022036 0.043769
0 0.608878 0.632259 0.017547 0.042037
0 0.627872 0.710505 0.026255 0.049657
0 0.685099 0.815241 0.032135 0.051204
0 0.385320 0.695843 0.029464 0.056037
0 0.379901 0.648023 0.025281 0.051435
0 0.388362 0.622574 0.024630 0.032556
0 0.304203 0.294370 0.022948 0.066148
0 0.295771 0.258718 0.028781 0.069176
0 0.299341 0.221273 0.028714 0.070657
0 0.534458 0.230991 0.026344 0.045278
0 0.623104 0.083306 0.031333 0.036019
0 0.429956 0.798833 0.025536 0.055296
0 0.411945 0.798944 0.020141 0.050185
0 0.437945 0.790301 0.020557 0.036102
0 0.421773 0.753273 0.024370 0.041306
0 0.409081 0.751148 0.023130 0.041056
0 0.352177 0.627602 0.023229 0.040704
0 0.394523 0.662287 0.025370 0.042315
0 0.340714 0.489625 0.026677 0.046454
0 0.357292 0.520120 0.023052 0.036315
0 0.314750 0.382593 0.035500 0.057130
0 0.158167 0.195144 0.025396 0.042102
0 0.208086 0.948560 0.030547 0.058713
0 0.327122 0.946731 0.024589 0.052704
0 0.134927 0.880769 0.021979 0.045185
0 0.427714 0.316889 0.027052 0.054185
0 0.366336 0.255708 0.022005 0.051139
