0 0.863841 0.689491 0.028120 0.070148
0 0.837083 0.658060 0.020333 0.064731
0 0.799854 0.585565 0.030240 0.067759
0 0.775062 0.587935 0.029604 0.058704
0 0.762885 0.546699 0.029635 0.043435
0 0.739984 0.506218 0.028740 0.045194
0 0.723635 0.501926 0.022031 0.048130
0 0.724823 0.423866 0.023688 0.052676
0 0.670531 0.346125 0.025354 0.043639
0 0.615495 0.368546 0.027083 0.057130
0 0.583992 0.352269 0.022016 0.051148
0 0.559281 0.550787 0.021990 0.046574
0 0.543721 0.554931 0.022182 0.043602
0 0.597198 0.622912 0.018917 0.039176
0 0.600323 0.623690 0.022031 0.043769
0 0.600831 0.621671 0.019964 0.048954
0 0.613914 0.699222 0.026255 0.049667
0 0.672125 0.804213 0.032135 0.051204
0 0.357695 0.670884 0.031943 0.057509
0 0.355815 0.626509 0.024703 0.048667
0 0.367826 0.594597 0.031922 0.046083
0 0.287711 0.255264 0.032276 0.066139
0 0.275466 0.239167 0.028776 0.069167
0 0.279883 0.192699 0.028714 0.070657
0 0.530229 0.203917 0.026344 0.045278
0 0.616336 0.063759 0.031339 0.036019
0 0.417758 0.782602 0.031401 0.057037
0 0.399750 0.774722 0.026240 0.050185
0 0.423609 0.777324 0.021021 0.036093
0 0.416299 0.733694 0.026984 0.046574
0 0.397646 0.735333 0.023625 0.055463
0 0.360568 0.623194 0.025417 0.060093
0 0.383078 0.642528 0.024281 0.037574
0 0.336435 0.481231 0.032245 0.052741
0 0.342357 0.501968 0.025891 0.035954
0 0.304599 0.361537 0.035500 0.057130
0 0.142094 0.163560 0.025396 0.042102
0 0.197935 0.936532 0.030547 0.058713
0 0.319081 0.937708 0.024589 0.052694
0 0.145669 0.833380 0.023453 0.045741
0 0.124099 0.865130 0.021979 0.045185
0 0.413331 0.294324 0.027047 0.054185
0 0.355336 0.239157 0.030464 0.060167
