0 0.862487 0.682574 0.028120 0.070148
0 0.836841 0.659875 0.024547 0.055694
0 0.806625 0.590083 0.030240 0.067759
0 0.783693 0.589139 0.029604 0.058704
0 0.764573 0.551213 0.025417 0.039093
0 0.744224 0.515287 0.027063 0.045204
0 0.727865 0.512454 0.022031 0.048130
0 0.729896 0.430634 0.023688 0.052676
0 0.677086 0.366056 0.025349 0.043630
0 0.623109 0.383593 0.027083 0.057130
0 0.596260 0.370315 0.022010 0.051148
0 0.567740 0.560565 0.021990 0.046574
0 0.556872 0.567907 0.015328 0.043611
0 0.611437 0.625259 0.018073 0.046667
0 0.622599 0.633468 0.022031 0.043769
0 0.605888 0.637722 0.016766 0.047778
0 0.631258 0.697718 0.026255 0.049657
0 0.683974 0.795194 0.032135 0.051204
0 0.412312 0.687338 0.028010 0.060083
0 0.413281 0.641310 0.024594 0.052065
0 0.418844 0.617690 0.023708 0.037639
0 0.339227 0.288657 0.022953 0.066148
0 0.324312 0.263500 0.028781 0.069167
0 0.333349 0.222458 0.028719 0.067694
0 0.534458 0.237005 0.026344 0.045287
0 0.624797 0.092333 0.031333 0.036019
0 0.423422 0.788704 0.026302 0.054074
0 0.405255 0.788259 0.018615 0.050185
0 0.428294 0.782745 0.019526 0.036102
0 0.420021 0.748139 0.026979 0.046574
0 0.404240 0.742523 0.022073 0.034676
0 0.355495 0.623194 0.025417 0.060093
0 0.390562 0.658079 0.027969 0.043583
0 0.345323 0.494019 0.028000 0.048222
0 0.355031 0.517958 0.027125 0.040620
0 0.313484 0.375074 0.034656 0.057130
0 0.187779 0.193639 0.025391 0.042111
0 0.209779 0.945380 0.030547 0.058704
0 0.323143 0.943574 0.024589 0.052704
0 0.149029 0.850880 0.016630 0.028796
0 0.136958 0.866333 0.021979 0.045185
0 0.442688 0.322528 0.027052 0.054185
