0 0.763964 0.481620 0.029771 0.063981
0 0.733315 0.452431 0.030964 0.050324
0 0.701568 0.378407 0.030240 0.067759
0 0.674034 0.374250 0.029609 0.058704
0 0.655240 0.335958 0.032667 0.043435
0 0.631443 0.301157 0.028740 0.045204
0 0.614990 0.301102 0.022031 0.048130
0 0.613797 0.214208 0.024708 0.052676
0 0.557901 0.143556 0.024500 0.043630
0 0.501026 0.169500 0.027083 0.057130
0 0.471763 0.155509 0.022016 0.051148
0 0.450484 0.361333 0.021990 0.046574
0 0.436427 0.367199 0.022177 0.043602
0 0.499289 0.435106 0.023547 0.030417
0 0.489885 0.440014 0.021198 0.046583
0 0.488536 0.435444 0.021021 0.045963
0 0.512253 0.503986 0.026255 0.049657
0 0.569865 0.608713 0.032135 0.051185
0 0.235352 0.499051 0.028016 0.060083
0 0.233703 0.449218 0.021146 0.038491
0 0.240693 0.414829 0.023406 0.038380
0 0.147089 0.074338 0.032271 0.066139
0 0.132924 0.044806 0.028776 0.069167
0 0.138888 0.014130 0.027828 0.028241
0 0.409362 0.021481 0.026318 0.049741
0 0.304128 0.620116 0.022172 0.049546
0 0.287135 0.615611 0.024135 0.041556
0 0.309586 0.607708 0.023766 0.039176
0 0.298154 0.568843 0.022870 0.032185
0 0.284690 0.571847 0.023995 0.035380
0 0.221487 0.447282 0.018047 0.038231
0 0.266177 0.475755 0.023156 0.038324
0 0.207419 0.304616 0.028693 0.048917
0 0.219240 0.332343 0.017990 0.033000
0 0.177690 0.189319 0.026193 0.046565
0 0.068109 0.796977 0.030552 0.058713
0 0.205518 0.791412 0.024589 0.052694
0 0.021193 0.696907 0.023458 0.045741
0 0.288185 0.100324 0.034703 0.054185
0 0.222172 0.046491 0.030469 0.060167
0 0.401443 0.162986 0.020302 0.054139
0 0.382779 0.164074 0.029234 0.064593
0 0.667068 0.231556 0.026229 0.046630
