0 0.833734 0.708269 0.024625 0.058704
0 0.805844 0.672157 0.024542 0.055685
0 0.780219 0.606583 0.030240 0.067759
0 0.757721 0.602991 0.029609 0.058704
0 0.741120 0.567634 0.025417 0.039083
0 0.719979 0.530042 0.025385 0.045194
0 0.707000 0.522519 0.022031 0.048130
0 0.705703 0.445301 0.023688 0.052676
0 0.658638 0.380380 0.025349 0.043630
0 0.607404 0.395657 0.027089 0.057130
0 0.577271 0.381139 0.022010 0.051148
0 0.552630 0.564472 0.021990 0.046574
0 0.540969 0.573102 0.022083 0.045093
0 0.594516 0.630384 0.022469 0.045324
0 0.602839 0.634727 0.017969 0.041065
0 0.590935 0.638278 0.024839 0.052741
0 0.607898 0.707644 0.026255 0.049657
0 0.659057 0.811315 0.032135 0.051204
0 0.419174 0.690236 0.026318 0.055620
0 0.417951 0.637574 0.021984 0.052648
0 0.425359 0.617634 0.023708 0.037639
0 0.344938 0.299579 0.022948 0.061602
0 0.334604 0.270602 0.028781 0.069167
0 0.340953 0.229222 0.028698 0.063185
0 0.519839 0.246407 0.026344 0.045278
0 0.619250 0.110046 0.031333 0.036019
0 0.412422 0.784954 0.026302 0.046574
0 0.393411 0.780546 0.018615 0.049796
0 0.415266 0.775704 0.018719 0.036093
0 0.406568 0.740222 0.018687 0.046259
0 0.392805 0.739380 0.019568 0.036148
0 0.341687 0.626458 0.020240 0.050880
0 0.378318 0.651528 0.026698 0.041333
0 0.344620 0.515662 0.025469 0.040713
0 0.354573 0.499787 0.022906 0.040630
0 0.303318 0.383375 0.032990 0.046583
0 0.192854 0.197648 0.025396 0.042111
0 0.202589 0.932319 0.030552 0.058713
0 0.299451 0.939116 0.024589 0.052694
0 0.134461 0.835810 0.022891 0.051046
0 0.116958 0.861657 0.021979 0.045185
0 0.435701 0.329986 0.027047 0.054194
