0 0.734573 0.491829 0.028052 0.060361
0 0.705789 0.461495 0.030964 0.050324
0 0.666984 0.385806 0.030240 0.067759
0 0.639836 0.383111 0.029609 0.058704
0 0.625859 0.335023 0.025875 0.043435
0 0.595812 0.296324 0.028740 0.054185
0 0.581729 0.296778 0.022031 0.048130
0 0.581341 0.208574 0.023859 0.064815
0 0.521714 0.129620 0.024500 0.043630
0 0.465443 0.157704 0.027083 0.057130
0 0.432490 0.138282 0.022010 0.051139
0 0.405711 0.353324 0.021995 0.046574
0 0.393596 0.360111 0.022182 0.043611
0 0.459570 0.430014 0.014307 0.041120
0 0.447049 0.445727 0.015339 0.029472
0 0.448367 0.421370 0.018953 0.033074
0 0.468690 0.503852 0.026255 0.049667
0 0.528370 0.615491 0.032135 0.051185
0 0.169315 0.486171 0.031109 0.070491
0 0.162771 0.442801 0.021146 0.038491
0 0.168922 0.407074 0.023406 0.038370
0 0.083362 0.044870 0.032276 0.066148
0 0.066456 0.020602 0.028776 0.041204
0 0.374076 0.011644 0.023370 0.024898
0 0.259951 0.616227 0.022172 0.047009
0 0.245273 0.605944 0.024661 0.048093
0 0.269880 0.598569 0.023771 0.039176
0 0.253753 0.566139 0.022870 0.032185
0 0.241539 0.565875 0.020568 0.035380
0 0.185635 0.437815 0.018052 0.038241
0 0.227086 0.469579 0.023151 0.038324
0 0.024745 0.786769 0.021375 0.045981
0 0.169263 0.785903 0.024589 0.052694
0 0.236211 0.084296 0.034703 0.054185
0 0.355370 0.144537 0.020302 0.054148
0 0.341391 0.140963 0.035083 0.059370
0 0.633419 0.225546 0.026224 0.046630
