0 0.760979 0.766185 0.017031 0.046648
0 0.735206 0.749634 0.021995 0.045120
0 0.714055 0.678190 0.018609 0.046620
0 0.687828 0.675931 0.020302 0.045120
0 0.675344 0.643593 0.016510 0.034593
0 0.658216 0.610514 0.020307 0.037602
0 0.643260 0.601259 0.016937 0.039148
0 0.647641 0.528542 0.019458 0.045120
0 0.603227 0.461606 0.018609 0.043620
0 0.556273 0.479657 0.017766 0.040611
0 0.532581 0.458602 0.021151 0.043611
0 0.501281 0.636079 0.019458 0.042120
0 0.489867 0.636861 0.018589 0.039056
0 0.537240 0.695463 0.020313 0.033056
0 0.546492 0.704551 0.018682 0.033176
0 0.530870 0.703037 0.014427 0.033056
0 0.552901 0.769213 0.024563 0.036111
0 0.598997 0.860181 0.021995 0.043620
0 0.425505 0.740440 0.027135 0.049602
0 0.427253 0.706019 0.020307 0.042111
0 0.431063 0.680444 0.017771 0.030093
0 0.356003 0.382648 0.021234 0.048130
0 0.351109 0.356829 0.023688 0.046620
0 0.358302 0.318477 0.022844 0.057157
0 0.473852 0.324162 0.016193 0.049824
0 0.580380 0.211917 0.025385 0.025556
0 0.475857 0.072815 0.021234 0.048130
0 0.491932 0.049505 0.022927 0.037602
0 0.354797 0.836694 0.022094 0.040556
0 0.333344 0.836866 0.018615 0.045120
0 0.360229 0.824069 0.014698 0.036102
0 0.341807 0.794009 0.021979 0.034537
0 0.350451 0.794755 0.022536 0.030083
0 0.293521 0.674310 0.025427 0.046565
0 0.325234 0.708287 0.017812 0.031574
0 0.297346 0.579676 0.021234 0.036111
0 0.312141 0.557093 0.022063 0.036111
0 0.259875 0.444051 0.021135 0.037583
0 0.202630 0.276583 0.026198 0.049630
0 0.166638 0.963954 0.020391 0.040630
0 0.239807 0.971463 0.019521 0.034630
0 0.076536 0.868472 0.016167 0.034556
0 0.062599 0.894722 0.021979 0.043611
