0 0.747602 0.539255 0.027193 0.058546
0 0.721359 0.510051 0.030969 0.050324
0 0.684409 0.431019 0.030234 0.067759
0 0.657323 0.437324 0.029604 0.058704
0 0.639294 0.390810 0.025880 0.043435
0 0.614521 0.345866 0.028740 0.054176
0 0.596240 0.348287 0.021313 0.048130
0 0.597729 0.257796 0.023865 0.064815
0 0.535089 0.177120 0.024500 0.043630
0 0.472724 0.199722 0.027083 0.057130
0 0.443906 0.183250 0.022010 0.051148
0 0.416839 0.408157 0.021990 0.046574
0 0.403734 0.414847 0.022177 0.043602
0 0.470706 0.479764 0.017974 0.041120
0 0.463844 0.496255 0.020010 0.033676
0 0.458464 0.476231 0.018948 0.033074
0 0.481242 0.559111 0.026255 0.049667
0 0.541042 0.675495 0.032135 0.051194
0 0.154893 0.544852 0.039255 0.086056
0 0.147990 0.486097 0.027458 0.064898
0 0.158594 0.457468 0.023406 0.038380
0 0.069651 0.092287 0.032271 0.066148
0 0.051854 0.047463 0.031698 0.069907
0 0.385052 0.043435 0.026813 0.043759
0 0.275763 0.665014 0.022172 0.047009
0 0.255940 0.657907 0.024661 0.048093
0 0.276820 0.650671 0.027339 0.045750
0 0.266971 0.609815 0.025984 0.035389
0 0.252122 0.614866 0.020568 0.035380
0 0.199797 0.490769 0.020094 0.041167
0 0.239216 0.515954 0.023151 0.038333
0 0.037206 0.834648 0.019120 0.043463
0 0.191633 0.827912 0.024589 0.052694
0 0.233951 0.129556 0.034703 0.065463
0 0.370021 0.189171 0.021104 0.051657
0 0.352898 0.201125 0.023974 0.054528
0 0.653813 0.284296 0.026219 0.046630
