0 0.852005 0.663130 0.029792 0.083611
0 0.816359 0.649792 0.021198 0.048194
0 0.785641 0.575639 0.030240 0.067759
0 0.761440 0.573347 0.029609 0.058694
0 0.748083 0.539931 0.029635 0.043435
0 0.725180 0.498699 0.028734 0.045194
0 0.705870 0.495907 0.022031 0.048130
0 0.707901 0.407319 0.023688 0.052676
0 0.656146 0.335597 0.025354 0.043639
0 0.600266 0.356519 0.027083 0.057130
0 0.566651 0.337977 0.022010 0.051139
0 0.539823 0.541764 0.021990 0.046565
0 0.528070 0.545157 0.022182 0.043611
0 0.586786 0.617986 0.027323 0.039176
0 0.587188 0.612426 0.019479 0.043741
0 0.578417 0.617079 0.015865 0.039657
0 0.599438 0.687856 0.026250 0.049657
0 0.656901 0.793685 0.032135 0.051204
0 0.331365 0.674662 0.028010 0.060083
0 0.334870 0.624806 0.027969 0.056981
0 0.341776 0.594606 0.026729 0.049676
0 0.264023 0.253759 0.032276 0.066148
0 0.251779 0.216606 0.028776 0.069176
0 0.257885 0.174644 0.028719 0.070657
0 0.510771 0.196398 0.026344 0.045278
0 0.597724 0.047213 0.031333 0.036019
0 0.405336 0.779616 0.019745 0.055954
0 0.384568 0.776403 0.037990 0.050528
0 0.409099 0.767208 0.021250 0.036102
0 0.398503 0.727519 0.026984 0.046574
0 0.379698 0.730167 0.026292 0.060204
0 0.329823 0.599940 0.019771 0.041676
0 0.369018 0.635759 0.027974 0.043574
0 0.317984 0.467403 0.022500 0.045380
0 0.285698 0.350449 0.018573 0.046565
0 0.119250 0.150023 0.025396 0.042102
0 0.175706 0.931894 0.030547 0.058713
0 0.299622 0.924171 0.024589 0.052694
0 0.127643 0.831722 0.023453 0.045741
0 0.106812 0.857324 0.021979 0.042926
0 0.398951 0.285306 0.027047 0.054185
0 0.335878 0.227130 0.030464 0.060167
0 0.499581 0.340537 0.019474 0.054148
0 0.486036 0.362361 0.019406 0.046574
