0 0.775784 0.757912 0.017026 0.046639
0 0.750435 0.730060 0.021995 0.051176
0 0.725052 0.661648 0.018615 0.046630
0 0.703901 0.653375 0.020302 0.045120
0 0.689932 0.625542 0.017792 0.034583
0 0.671753 0.592458 0.020307 0.037602
0 0.656516 0.582704 0.016937 0.039148
0 0.662026 0.510495 0.019458 0.045120
0 0.618453 0.445065 0.018615 0.043611
0 0.568117 0.461611 0.017766 0.040611
0 0.530888 0.446569 0.021151 0.043620
0 0.515661 0.618782 0.019458 0.042120
0 0.502565 0.618819 0.016953 0.036065
0 0.548247 0.689472 0.016911 0.033093
0 0.560029 0.691014 0.018682 0.033176
0 0.555393 0.683500 0.017828 0.039111
0 0.568128 0.755662 0.024557 0.036083
0 0.612534 0.842130 0.021995 0.043611
0 0.430161 0.721028 0.029677 0.054130
0 0.429794 0.690218 0.021984 0.052657
0 0.438260 0.663130 0.023708 0.037648
0 0.359951 0.364602 0.021234 0.048130
0 0.354495 0.329255 0.023688 0.046620
0 0.360826 0.299167 0.022828 0.061667
0 0.485148 0.308829 0.021255 0.045324
0 0.589258 0.194634 0.029620 0.030009
0 0.479242 0.050250 0.021234 0.048130
0 0.497005 0.020931 0.022927 0.037602
0 0.367995 0.825560 0.022094 0.040565
0 0.343495 0.824838 0.018615 0.045120
0 0.372635 0.813509 0.015156 0.036093
0 0.349417 0.780472 0.021979 0.034537
0 0.359828 0.780213 0.023813 0.030074
0 0.299443 0.663181 0.025427 0.046565
0 0.334969 0.692500 0.018677 0.045093
0 0.306237 0.560907 0.018724 0.034667
0 0.319333 0.549574 0.022062 0.036111
0 0.269896 0.430009 0.023698 0.043593
0 0.202615 0.247991 0.027917 0.046593
0 0.172979 0.959426 0.022937 0.043667
0 0.253341 0.954921 0.022901 0.037620
0 0.082458 0.854185 0.016167 0.034556
0 0.071906 0.882694 0.021979 0.043611
