0 0.826458 0.613329 0.029792 0.074602
0 0.791810 0.606759 0.030964 0.050315
0 0.763016 0.529324 0.030240 0.067759
0 0.738208 0.533190 0.029604 0.058694
0 0.724521 0.490431 0.029635 0.043435
0 0.700424 0.455657 0.028734 0.045204
0 0.679609 0.444954 0.022031 0.048130
0 0.683224 0.366088 0.023688 0.052676
0 0.629870 0.286921 0.024500 0.043639
0 0.573146 0.312361 0.027083 0.057130
0 0.542727 0.294861 0.022016 0.051148
0 0.514443 0.498148 0.021990 0.046574
0 0.500997 0.497028 0.022182 0.043611
0 0.557922 0.565653 0.033333 0.045991
0 0.553349 0.568806 0.019479 0.043741
0 0.561966 0.563213 0.026818 0.038519
0 0.574055 0.638222 0.026255 0.049667
0 0.633211 0.741046 0.032130 0.051204
0 0.310599 0.607491 0.028010 0.060093
0 0.306682 0.573690 0.027969 0.056991
0 0.317094 0.541898 0.026729 0.049667
0 0.233568 0.199616 0.032271 0.066139
0 0.221323 0.172986 0.028781 0.069176
0 0.225721 0.136963 0.028714 0.067481
0 0.485393 0.158778 0.026318 0.054278
0 0.569380 0.008866 0.027125 0.016491
0 0.374878 0.731486 0.021432 0.055954
0 0.359187 0.735792 0.037990 0.050528
0 0.387482 0.716815 0.022161 0.037741
0 0.368888 0.686912 0.026984 0.046565
0 0.350932 0.685042 0.026292 0.060213
0 0.301318 0.568190 0.018052 0.042676
0 0.338865 0.595069 0.027969 0.043583
0 0.283232 0.428634 0.032245 0.052731
0 0.254888 0.317440 0.018568 0.046565
0 0.082026 0.106407 0.025396 0.042111
0 0.148633 0.889778 0.030547 0.058704
0 0.272549 0.891079 0.024589 0.052694
0 0.099193 0.795852 0.023458 0.045741
0 0.364263 0.237176 0.027047 0.054185
0 0.304576 0.183509 0.030464 0.060167
0 0.471664 0.296917 0.019474 0.054148
0 0.453208 0.310935 0.024187 0.057019
