0 0.845917 0.667463 0.029792 0.083611
0 0.816346 0.644361 0.030964 0.050315
0 0.779042 0.570227 0.030240 0.067750
0 0.755857 0.567028 0.029609 0.058704
0 0.739961 0.523685 0.029630 0.043444
0 0.718073 0.487870 0.028740 0.045204
0 0.693688 0.490500 0.022031 0.048130
0 0.699443 0.399801 0.023688 0.052676
0 0.648951 0.322056 0.024495 0.043630
0 0.594344 0.350500 0.027083 0.057130
0 0.562419 0.331963 0.022016 0.051148
0 0.531362 0.535750 0.021995 0.046574
0 0.523839 0.536130 0.022177 0.043611
0 0.572513 0.598380 0.023766 0.045148
0 0.571115 0.616935 0.019479 0.043741
0 0.583497 0.617190 0.026026 0.039657
0 0.594362 0.677329 0.026255 0.049657
0 0.646745 0.786167 0.032135 0.051204
0 0.328706 0.648866 0.028016 0.060083
0 0.328219 0.609042 0.027969 0.056991
0 0.340453 0.575931 0.026729 0.049676
0 0.258102 0.244736 0.032276 0.066139
0 0.241625 0.210588 0.028781 0.069176
0 0.247719 0.164037 0.028719 0.067481
0 0.505693 0.190380 0.026344 0.045278
0 0.593492 0.038185 0.031339 0.036019
0 0.394336 0.766079 0.021432 0.055954
0 0.371880 0.767375 0.037990 0.050528
0 0.403693 0.754616 0.021479 0.036509
0 0.384966 0.718495 0.026984 0.046565
0 0.366161 0.727157 0.026292 0.060204
0 0.320531 0.597833 0.021187 0.046278
0 0.360380 0.633028 0.017573 0.036574
0 0.310656 0.461310 0.022635 0.043769
0 0.277237 0.345935 0.018568 0.046574
0 0.110792 0.139495 0.025396 0.042102
0 0.163013 0.919861 0.030547 0.058704
0 0.293701 0.918153 0.024589 0.052694
0 0.118336 0.821194 0.023453 0.045741
0 0.101245 0.852315 0.021979 0.042926
0 0.388797 0.270259 0.027052 0.054185
0 0.324880 0.218102 0.030469 0.060167
0 0.490273 0.339032 0.019474 0.054139
0 0.472068 0.336824 0.023656 0.046574
