0 0.787602 0.504676 0.029766 0.063981
0 0.758984 0.475606 0.030969 0.050324
0 0.719630 0.401444 0.030240 0.067759
0 0.697763 0.405301 0.029609 0.058694
0 0.676651 0.362421 0.029635 0.043435
0 0.658852 0.329486 0.028734 0.045194
0 0.640333 0.326574 0.022031 0.048130
0 0.641245 0.244329 0.023688 0.052676
0 0.586234 0.168667 0.024500 0.043630
0 0.529240 0.202731 0.027083 0.057130
0 0.499818 0.178935 0.022010 0.051148
0 0.470505 0.382870 0.021990 0.046574
0 0.460424 0.393398 0.022182 0.043611
0 0.521023 0.460236 0.023547 0.030417
0 0.519417 0.457106 0.021198 0.046583
0 0.510437 0.458491 0.021021 0.045963
0 0.534008 0.534468 0.026255 0.049657
0 0.593562 0.633380 0.032135 0.051185
0 0.263479 0.523241 0.028385 0.060667
0 0.259026 0.475546 0.026729 0.053167
0 0.270372 0.443708 0.022432 0.036954
0 0.185677 0.100366 0.032271 0.066139
0 0.167281 0.073116 0.028781 0.069176
0 0.170628 0.017880 0.028714 0.067481
0 0.438008 0.053741 0.026318 0.049741
0 0.323378 0.640907 0.022172 0.049537
0 0.307427 0.640236 0.024135 0.040843
0 0.329529 0.631139 0.023766 0.040630
0 0.319924 0.590199 0.022870 0.032176
0 0.305273 0.596940 0.023172 0.035380
0 0.249398 0.477630 0.016276 0.029537
0 0.287526 0.498301 0.026333 0.043213
0 0.233789 0.325731 0.032245 0.052741
0 0.245182 0.347681 0.027885 0.049657
0 0.199122 0.216477 0.026193 0.046565
0 0.019734 0.012991 0.025396 0.025981
0 0.091010 0.819634 0.030552 0.058713
0 0.226674 0.805884 0.024589 0.052694
0 0.049867 0.717509 0.023453 0.045741
0 0.314615 0.129343 0.027052 0.054185
0 0.254081 0.063602 0.030464 0.060167
0 0.427776 0.191241 0.020302 0.054148
0 0.409169 0.192944 0.029234 0.064593
0 0.694078 0.261991 0.026229 0.046630
