0 0.735138 0.485856 0.028911 0.062176
0 0.704021 0.454481 0.030969 0.050315
0 0.668615 0.382176 0.030240 0.067759
0 0.637388 0.374773 0.029609 0.058694
0 0.625654 0.329588 0.025880 0.043435
0 0.603156 0.291245 0.028740 0.054176
0 0.581318 0.292065 0.022031 0.048130
0 0.580932 0.202407 0.023865 0.064815
0 0.520352 0.125269 0.024495 0.043630
0 0.464760 0.149963 0.027083 0.057130
0 0.432081 0.130787 0.022016 0.051148
0 0.404896 0.347157 0.021990 0.046574
0 0.393596 0.354676 0.022182 0.043611
0 0.459159 0.422394 0.014307 0.041120
0 0.446029 0.435940 0.015339 0.029472
0 0.447552 0.414116 0.018948 0.033083
0 0.471956 0.501676 0.026255 0.049667
0 0.529188 0.612588 0.032135 0.051194
0 0.173396 0.481093 0.031115 0.070481
0 0.165422 0.433736 0.021146 0.038491
0 0.174797 0.399241 0.023406 0.038370
0 0.086083 0.038523 0.032271 0.066139
0 0.072406 0.020602 0.028781 0.041204
0 0.374667 0.007477 0.024583 0.016583
0 0.260341 0.603634 0.022172 0.047009
0 0.245664 0.603843 0.024661 0.048093
0 0.269685 0.596819 0.023766 0.039176
0 0.253581 0.556167 0.022870 0.032185
0 0.241539 0.559532 0.020568 0.035380
0 0.185635 0.424759 0.018052 0.038241
0 0.229125 0.462810 0.023156 0.038324
0 0.137779 0.164153 0.026193 0.046565
0 0.025727 0.785722 0.021370 0.045981
0 0.169263 0.780060 0.024589 0.052694
0 0.237008 0.081074 0.034703 0.054185
0 0.173034 0.025278 0.030464 0.050556
0 0.360266 0.144537 0.020302 0.054148
0 0.344859 0.141685 0.035083 0.059370
0 0.632602 0.218292 0.026224 0.046620
