0 0.837315 0.696815 0.024620 0.058704
0 0.808708 0.668338 0.024542 0.055694
0 0.783667 0.603380 0.030240 0.067759
0 0.758391 0.598833 0.029604 0.058704
0 0.745417 0.567634 0.025417 0.039083
0 0.725479 0.529292 0.025385 0.045194
0 0.709578 0.523593 0.022031 0.048130
0 0.711732 0.446551 0.023693 0.052676
0 0.666393 0.380380 0.025349 0.043630
0 0.616786 0.396583 0.027083 0.057130
0 0.586466 0.380833 0.022016 0.051148
0 0.560076 0.566880 0.021995 0.046574
0 0.547964 0.574713 0.022083 0.045093
0 0.598568 0.628023 0.017760 0.050620
0 0.607456 0.633829 0.021193 0.039269
0 0.599323 0.634458 0.021438 0.042250
0 0.613398 0.702972 0.026255 0.049667
0 0.665187 0.801917 0.032135 0.051204
0 0.431573 0.674681 0.029125 0.060602
0 0.425948 0.634704 0.021990 0.052648
0 0.436990 0.607231 0.023708 0.037648
0 0.358469 0.300704 0.024208 0.057093
0 0.350255 0.277370 0.028781 0.069167
0 0.358297 0.232981 0.028698 0.063185
0 0.527172 0.251671 0.026344 0.045287
0 0.627052 0.116898 0.031333 0.036019
0 0.409612 0.786542 0.022016 0.040713
0 0.393411 0.778403 0.018615 0.045509
0 0.417372 0.777273 0.017453 0.036102
0 0.411026 0.742718 0.015990 0.045009
0 0.397667 0.739352 0.019562 0.036148
0 0.347188 0.617676 0.025417 0.060093
0 0.382000 0.654315 0.025427 0.039074
0 0.351927 0.518056 0.025469 0.040722
0 0.358622 0.496468 0.022901 0.040620
0 0.310599 0.381713 0.023698 0.043593
0 0.210000 0.195384 0.027500 0.043583
0 0.212857 0.923704 0.030547 0.058704
0 0.304529 0.926329 0.024589 0.052694
0 0.136250 0.834273 0.022896 0.051046
0 0.120234 0.852630 0.021979 0.045185
0 0.451781 0.329995 0.025365 0.051157
