0 0.843042 0.705259 0.024625 0.058704
0 0.816844 0.670653 0.024542 0.055694
0 0.788841 0.607458 0.030234 0.067750
0 0.766065 0.602968 0.029609 0.058694
0 0.751276 0.569139 0.025417 0.039093
0 0.733516 0.531546 0.025385 0.045204
0 0.714896 0.528037 0.022031 0.048130
0 0.716596 0.452569 0.023693 0.052676
0 0.670906 0.383389 0.025354 0.043630
0 0.622708 0.405231 0.027083 0.057130
0 0.593065 0.385648 0.022016 0.051148
0 0.565997 0.571389 0.021995 0.046574
0 0.552474 0.581231 0.022083 0.045093
0 0.604927 0.638574 0.018604 0.055685
0 0.614602 0.647366 0.021193 0.039269
0 0.600661 0.639963 0.016500 0.041463
0 0.619742 0.705227 0.026255 0.049657
0 0.670620 0.805806 0.032135 0.051204
0 0.440737 0.687963 0.030526 0.063093
0 0.439945 0.640579 0.021984 0.052657
0 0.449258 0.624023 0.023714 0.037639
0 0.372641 0.314963 0.021240 0.048130
0 0.362099 0.289403 0.028781 0.069176
0 0.368026 0.244264 0.028698 0.063194
0 0.529568 0.256556 0.026344 0.045278
0 0.631562 0.123917 0.031333 0.036019
0 0.418958 0.784213 0.022094 0.040556
0 0.398487 0.783847 0.018609 0.045120
0 0.423755 0.779144 0.017000 0.036102
0 0.411641 0.746542 0.015990 0.045009
0 0.398896 0.742083 0.019562 0.036148
0 0.352453 0.622352 0.025417 0.060093
0 0.384031 0.659426 0.025427 0.039074
0 0.355315 0.522556 0.028859 0.048204
0 0.366693 0.503213 0.033052 0.052667
0 0.312479 0.386394 0.023698 0.043583
0 0.218474 0.202884 0.030885 0.046602
0 0.213586 0.930815 0.030547 0.058704
0 0.304951 0.933847 0.024589 0.052694
0 0.136510 0.835199 0.022896 0.051046
0 0.121505 0.855639 0.021979 0.045185
