0 0.872299 0.678963 0.028120 0.070148
0 0.841313 0.661069 0.020333 0.064731
0 0.807469 0.590083 0.030240 0.067759
0 0.783099 0.596208 0.029604 0.058694
0 0.768385 0.550458 0.029635 0.043435
0 0.747177 0.512236 0.028740 0.045194
0 0.729557 0.507944 0.022031 0.048130
0 0.729052 0.426875 0.023688 0.052676
0 0.676453 0.356653 0.025354 0.043639
0 0.621417 0.368546 0.027083 0.057130
0 0.592031 0.359037 0.022010 0.051148
0 0.563510 0.558306 0.021990 0.046574
0 0.550065 0.558694 0.022182 0.043611
0 0.603401 0.627926 0.018917 0.039185
0 0.612167 0.631968 0.022031 0.043769
0 0.604633 0.627745 0.017422 0.048954
0 0.618565 0.703736 0.026255 0.049657
0 0.676359 0.808731 0.032135 0.051204
0 0.368458 0.681792 0.035875 0.054917
0 0.366768 0.631528 0.026891 0.054759
0 0.376846 0.603167 0.038307 0.046667
0 0.296172 0.276324 0.032271 0.066148
0 0.279698 0.246690 0.028781 0.069176
0 0.285805 0.198713 0.028714 0.070648
0 0.533615 0.220463 0.026344 0.045278
0 0.618026 0.071278 0.031333 0.036019
0 0.424352 0.785046 0.031401 0.057037
0 0.405859 0.780759 0.018594 0.050222
0 0.430865 0.782384 0.020906 0.036102
0 0.422333 0.742769 0.020438 0.046574
0 0.405802 0.738157 0.020979 0.050019
0 0.356422 0.621009 0.025417 0.060093
0 0.391391 0.651157 0.026927 0.043074
0 0.337562 0.485176 0.026021 0.045574
0 0.352216 0.507819 0.024651 0.031287
0 0.307138 0.372065 0.035505 0.057130
0 0.148016 0.169574 0.025396 0.042111
0 0.206396 0.945556 0.030552 0.058704
0 0.326695 0.942218 0.024589 0.052694
0 0.126807 0.869037 0.021979 0.045185
0 0.420945 0.301847 0.027047 0.054194
0 0.359565 0.243671 0.022005 0.051139
