0 0.874839 0.680463 0.028125 0.070148
0 0.846823 0.667093 0.024542 0.055685
0 0.812424 0.599319 0.030234 0.067750
0 0.789867 0.599213 0.029609 0.058704
0 0.773633 0.557681 0.029630 0.043435
0 0.749474 0.523407 0.028740 0.045204
0 0.729802 0.516750 0.022031 0.048130
0 0.735312 0.433190 0.023688 0.052676
0 0.684068 0.359287 0.025354 0.043630
0 0.628693 0.376972 0.027083 0.057130
0 0.598969 0.369565 0.022010 0.051148
0 0.571690 0.567583 0.021995 0.046574
0 0.559919 0.569111 0.015328 0.043611
0 0.615953 0.625745 0.018073 0.041676
0 0.624432 0.635727 0.022031 0.043769
0 0.613784 0.631509 0.017547 0.042037
0 0.633372 0.708995 0.026255 0.049657
0 0.689615 0.815241 0.032135 0.051204
0 0.395758 0.693356 0.028484 0.058269
0 0.397932 0.644500 0.023667 0.048111
0 0.405536 0.612389 0.023708 0.037648
0 0.325352 0.295875 0.022953 0.066139
0 0.312693 0.257218 0.028781 0.069176
0 0.317953 0.216764 0.028719 0.070657
0 0.536573 0.232491 0.026344 0.045278
0 0.626490 0.085565 0.031333 0.036019
0 0.432312 0.799713 0.031396 0.057037
0 0.410500 0.789769 0.018615 0.050185
0 0.435763 0.786690 0.020214 0.036102
0 0.424758 0.750991 0.026984 0.046574
0 0.407794 0.750644 0.022078 0.034676
0 0.357536 0.628694 0.016656 0.036056
0 0.390529 0.665676 0.023807 0.041556
0 0.343865 0.494079 0.027344 0.047343
0 0.358193 0.518523 0.020604 0.033731
0 0.317924 0.381093 0.035078 0.057130
0 0.174242 0.184616 0.025391 0.042102
0 0.209779 0.951569 0.030547 0.058713
0 0.327544 0.951245 0.024589 0.052694
0 0.138760 0.882176 0.021979 0.045185
0 0.437867 0.321398 0.027047 0.054185
0 0.377331 0.260218 0.022005 0.051139
