0 0.876193 0.682870 0.028125 0.070148
0 0.847500 0.662278 0.024542 0.055685
0 0.811458 0.595019 0.030240 0.067759
0 0.788242 0.594884 0.029609 0.058694
0 0.772956 0.552866 0.029630 0.043435
0 0.749232 0.519542 0.028734 0.045194
0 0.730042 0.515032 0.022031 0.048139
0 0.735651 0.431986 0.023688 0.052676
0 0.685758 0.361542 0.025349 0.043639
0 0.631740 0.376370 0.027083 0.057130
0 0.601674 0.366556 0.022016 0.051148
0 0.571125 0.565074 0.021990 0.046574
0 0.560935 0.568509 0.015328 0.043611
0 0.615953 0.624500 0.018073 0.044167
0 0.628240 0.634472 0.022031 0.043759
0 0.615138 0.631509 0.017547 0.042037
0 0.634219 0.702981 0.026250 0.049667
0 0.690318 0.807222 0.032135 0.051204
0 0.406297 0.686671 0.028010 0.060083
0 0.404341 0.641949 0.024349 0.049380
0 0.411813 0.616991 0.018667 0.031019
0 0.332458 0.297681 0.022948 0.066139
0 0.319799 0.260829 0.028776 0.069176
0 0.324044 0.214958 0.028714 0.070657
0 0.537984 0.233495 0.026344 0.045287
0 0.628745 0.087065 0.031333 0.036019
0 0.429352 0.790185 0.031401 0.057037
0 0.411516 0.789769 0.018615 0.050185
0 0.434310 0.784282 0.019984 0.036102
0 0.427294 0.748741 0.026984 0.046574
0 0.407794 0.746431 0.022078 0.034676
0 0.358979 0.625940 0.022698 0.055046
0 0.395016 0.661250 0.022771 0.041056
0 0.345964 0.497046 0.027781 0.047926
0 0.358794 0.517458 0.018974 0.032009
0 0.320039 0.380083 0.034797 0.057130
0 0.183266 0.188630 0.025396 0.042111
0 0.209779 0.949509 0.030547 0.058704
0 0.327138 0.949079 0.024589 0.052694
0 0.139891 0.879667 0.021979 0.045185
0 0.441927 0.321398 0.027052 0.054185
0 0.382409 0.263829 0.022005 0.051139
