0 0.735703 0.479889 0.029771 0.063981
0 0.702255 0.447468 0.030969 0.050324
0 0.670250 0.378556 0.030240 0.067759
0 0.641620 0.373269 0.029604 0.058704
0 0.629047 0.329579 0.032667 0.043435
0 0.598927 0.292755 0.028740 0.054176
0 0.587245 0.289056 0.022031 0.048130
0 0.585992 0.202407 0.023859 0.064815
0 0.528003 0.125773 0.024495 0.043639
0 0.468161 0.151981 0.027083 0.057130
0 0.436331 0.127259 0.022016 0.051148
0 0.408578 0.346148 0.021990 0.046574
0 0.397279 0.354167 0.022182 0.043611
0 0.462424 0.422153 0.013495 0.037602
0 0.450279 0.431403 0.015339 0.029472
0 0.450401 0.412116 0.015531 0.028157
0 0.475221 0.499500 0.026255 0.049667
0 0.530000 0.609685 0.032135 0.051185
0 0.177477 0.476014 0.031109 0.070491
0 0.174724 0.430255 0.021146 0.038491
0 0.186547 0.396630 0.023406 0.038370
0 0.100815 0.041042 0.032276 0.066139
0 0.083456 0.031694 0.028776 0.063389
0 0.380052 0.007477 0.024583 0.016583
0 0.267711 0.601116 0.022172 0.047009
0 0.250474 0.601083 0.024135 0.041556
0 0.272799 0.588764 0.023766 0.039176
0 0.260664 0.551630 0.022870 0.032185
0 0.246919 0.555500 0.020568 0.035389
0 0.191021 0.421278 0.018052 0.038241
0 0.231167 0.456042 0.023156 0.038324
0 0.141320 0.163394 0.026193 0.046565
0 0.026711 0.784676 0.021370 0.045981
0 0.169263 0.774218 0.024589 0.052694
0 0.237799 0.077852 0.034703 0.054185
0 0.181602 0.025644 0.030464 0.051287
0 0.365161 0.144537 0.020302 0.054148
0 0.348326 0.142417 0.035089 0.059370
0 0.640216 0.222806 0.026224 0.046630
