0 0.834711 0.705144 0.024620 0.058694
0 0.806625 0.671116 0.024542 0.055694
0 0.780115 0.606204 0.030240 0.067759
0 0.757904 0.601856 0.029609 0.058694
0 0.742292 0.567634 0.025417 0.039083
0 0.720823 0.530042 0.025385 0.045194
0 0.705870 0.522519 0.022031 0.048130
0 0.706656 0.446051 0.023688 0.052676
0 0.660964 0.380009 0.025354 0.043630
0 0.608557 0.394843 0.027083 0.057130
0 0.578047 0.380759 0.022010 0.051148
0 0.552583 0.564296 0.021990 0.046574
0 0.541115 0.570269 0.022083 0.045093
0 0.594771 0.630944 0.020260 0.043907
0 0.604451 0.633829 0.021193 0.039269
0 0.592398 0.633370 0.023245 0.043000
0 0.607898 0.706194 0.026255 0.049667
0 0.659057 0.805907 0.032135 0.051204
0 0.423122 0.678208 0.026318 0.055620
0 0.422255 0.635801 0.021990 0.052657
0 0.430307 0.612292 0.023708 0.037639
0 0.349802 0.294690 0.022948 0.061602
0 0.340104 0.272856 0.028781 0.069176
0 0.346031 0.229222 0.028698 0.063185
0 0.521531 0.247157 0.026344 0.045278
0 0.619531 0.112046 0.031333 0.036019
0 0.411221 0.786931 0.021401 0.041954
0 0.393411 0.779963 0.018615 0.048630
0 0.416000 0.775509 0.018375 0.036093
0 0.409102 0.737069 0.016661 0.045324
0 0.394836 0.735769 0.019568 0.036148
0 0.342359 0.620750 0.024125 0.057796
0 0.378956 0.650398 0.025422 0.039074
0 0.345776 0.514023 0.025469 0.040713
0 0.354930 0.498653 0.022901 0.040620
0 0.307966 0.381880 0.023693 0.043593
0 0.198365 0.192375 0.021146 0.040583
0 0.209779 0.924796 0.030547 0.058704
0 0.302172 0.931486 0.024583 0.052694
0 0.135729 0.832421 0.022896 0.051046
0 0.117474 0.856824 0.021979 0.045185
0 0.439508 0.327731 0.027047 0.054185
