0 0.746172 0.774458 0.017031 0.046639
0 0.719977 0.749634 0.021995 0.045120
0 0.694596 0.687218 0.018609 0.046620
0 0.672599 0.683458 0.020302 0.045120
0 0.657370 0.646606 0.015229 0.034602
0 0.642143 0.613514 0.020307 0.037602
0 0.626906 0.609778 0.016937 0.039148
0 0.629875 0.534556 0.019458 0.045130
0 0.586305 0.467625 0.018609 0.043620
0 0.541888 0.484167 0.017766 0.040611
0 0.514815 0.469130 0.021151 0.043611
0 0.489438 0.642847 0.019458 0.042120
0 0.477167 0.646606 0.015229 0.034602
0 0.526237 0.702259 0.015224 0.028574
0 0.532964 0.710528 0.015312 0.033093
0 0.520315 0.709023 0.006766 0.030083
0 0.538930 0.775954 0.013536 0.031593
0 0.586305 0.864690 0.021995 0.043620
0 0.419172 0.751889 0.022927 0.049630
0 0.419638 0.719556 0.020307 0.042111
0 0.425560 0.690977 0.013536 0.030083
0 0.348953 0.399194 0.021240 0.048130
0 0.343495 0.374375 0.023688 0.046620
0 0.349841 0.337523 0.022839 0.057157
0 0.456398 0.338278 0.014464 0.037593
0 0.564721 0.229245 0.024516 0.024046
0 0.464013 0.092370 0.021234 0.048130
0 0.477547 0.067551 0.022927 0.037602
0 0.378987 0.014907 0.018693 0.028574
0 0.389563 0.014157 0.017854 0.027074
0 0.346414 0.842134 0.017849 0.037602
0 0.330807 0.838375 0.018615 0.045120
0 0.350646 0.826338 0.014469 0.036102
0 0.334187 0.796273 0.018604 0.024028
0 0.342607 0.793255 0.017005 0.024065
0 0.283388 0.684208 0.020391 0.040602
0 0.315112 0.715037 0.016161 0.027074
0 0.287615 0.586444 0.015312 0.025574
0 0.296495 0.573653 0.017844 0.033065
0 0.249586 0.458602 0.013536 0.034593
0 0.192904 0.296917 0.021995 0.039111
0 0.159865 0.976745 0.015312 0.036102
0 0.226703 0.974486 0.015313 0.031583
0 0.062573 0.878981 0.015313 0.030074
0 0.049062 0.903750 0.021979 0.043611
0 0.018156 0.016102 0.022927 0.032204
