0 0.836013 0.700981 0.024620 0.058704
0 0.807667 0.669727 0.024542 0.055694
0 0.781250 0.605093 0.030240 0.067759
0 0.758146 0.600343 0.029604 0.058704
0 0.743854 0.567634 0.025417 0.039083
0 0.721953 0.530042 0.025385 0.045194
0 0.705708 0.522741 0.022031 0.048130
0 0.708771 0.446551 0.023688 0.052676
0 0.663078 0.379255 0.025354 0.043639
0 0.610094 0.393750 0.027083 0.057130
0 0.581854 0.380009 0.022010 0.051148
0 0.556448 0.566019 0.021990 0.046574
0 0.543047 0.568546 0.022083 0.045093
0 0.598568 0.629014 0.017760 0.048639
0 0.605953 0.633829 0.021188 0.039269
0 0.598359 0.634505 0.023365 0.042250
0 0.609591 0.704023 0.026255 0.049657
0 0.661089 0.801694 0.032135 0.051204
0 0.428141 0.672792 0.026323 0.055620
0 0.424102 0.635250 0.021984 0.052648
0 0.435297 0.606227 0.023708 0.037639
0 0.353187 0.294690 0.022948 0.061602
0 0.344615 0.273861 0.028781 0.069167
0 0.351109 0.229222 0.028698 0.063185
0 0.523786 0.248162 0.026344 0.045287
0 0.624797 0.114889 0.031333 0.036019
0 0.410417 0.786736 0.021708 0.041343
0 0.393411 0.779185 0.018615 0.047074
0 0.416687 0.776394 0.017917 0.036102
0 0.410411 0.738889 0.015990 0.045000
0 0.396435 0.736616 0.019568 0.036157
0 0.344557 0.618343 0.025417 0.060093
0 0.383016 0.649194 0.025427 0.039074
0 0.347312 0.511833 0.025469 0.040722
0 0.356773 0.497560 0.022901 0.040620
0 0.309094 0.378370 0.023698 0.043593
0 0.201747 0.192375 0.021141 0.040583
0 0.211318 0.924250 0.030552 0.058704
0 0.305073 0.923755 0.024583 0.052694
0 0.135990 0.833347 0.022896 0.051046
0 0.118922 0.851667 0.021979 0.045185
0 0.444331 0.327880 0.027047 0.054185
