0 0.845156 0.709769 0.024625 0.058704
0 0.817688 0.687194 0.024542 0.055685
0 0.791885 0.610468 0.030240 0.067750
0 0.765219 0.615000 0.029604 0.058704
0 0.752542 0.572148 0.025417 0.039093
0 0.734784 0.533801 0.025380 0.045194
0 0.717432 0.534056 0.022031 0.048130
0 0.720828 0.459338 0.023688 0.052676
0 0.674708 0.390889 0.025365 0.060222
0 0.624812 0.407505 0.031313 0.067602
0 0.594758 0.399185 0.022016 0.051148
0 0.568398 0.576412 0.021714 0.050602
0 0.555859 0.588009 0.018698 0.046574
0 0.605208 0.644588 0.018604 0.055676
0 0.618693 0.651134 0.020917 0.037750
0 0.601086 0.648741 0.014516 0.041056
0 0.623128 0.715755 0.026255 0.049657
0 0.675130 0.806806 0.032135 0.051204
0 0.448349 0.696972 0.028833 0.054111
0 0.449253 0.664648 0.021984 0.052648
0 0.456872 0.630042 0.023714 0.037639
0 0.378987 0.320231 0.021234 0.048130
0 0.369503 0.291278 0.027516 0.065426
0 0.378182 0.249519 0.028698 0.067685
0 0.532250 0.259694 0.026344 0.045278
0 0.636641 0.134444 0.031333 0.036019
0 0.511393 0.016852 0.021234 0.033704
0 0.422141 0.786458 0.022094 0.040565
0 0.401661 0.787986 0.018615 0.045120
0 0.426206 0.780565 0.016766 0.036093
0 0.404430 0.749639 0.027026 0.045000
0 0.408198 0.745093 0.025781 0.036148
0 0.354852 0.628421 0.025422 0.056713
0 0.387417 0.660931 0.025427 0.039065
0 0.357424 0.527065 0.024641 0.048204
0 0.372620 0.511981 0.029656 0.051185
0 0.315016 0.389907 0.023698 0.043593
0 0.224612 0.213394 0.027911 0.046583
0 0.213161 0.939088 0.030542 0.057194
0 0.308336 0.939866 0.024589 0.052694
0 0.137643 0.841435 0.022484 0.046556
0 0.123797 0.858644 0.024240 0.048676
