0 0.834060 0.707222 0.024620 0.058704
0 0.806104 0.671810 0.024542 0.055694
0 0.780182 0.606454 0.030240 0.067759
0 0.757781 0.602611 0.029604 0.058704
0 0.741510 0.567634 0.025417 0.039083
0 0.720260 0.530042 0.025385 0.045194
0 0.706625 0.522519 0.022031 0.048130
0 0.706021 0.445551 0.023688 0.052676
0 0.659906 0.380380 0.025354 0.043630
0 0.607786 0.395389 0.027083 0.057130
0 0.576143 0.381139 0.022016 0.051148
0 0.552122 0.564167 0.021995 0.046574
0 0.540802 0.571898 0.022083 0.045093
0 0.594008 0.631509 0.020089 0.042481
0 0.602161 0.634278 0.016615 0.040167
0 0.592187 0.636005 0.023740 0.048250
0 0.607898 0.707162 0.026255 0.049657
0 0.659057 0.809509 0.032135 0.051204
0 0.419174 0.687227 0.026318 0.055620
0 0.421333 0.636069 0.021990 0.052657
0 0.427260 0.616505 0.023708 0.037639
0 0.348109 0.297699 0.022948 0.061602
0 0.336719 0.269847 0.028781 0.069176
0 0.343495 0.229222 0.028698 0.063185
0 0.520406 0.246657 0.026344 0.045278
0 0.619344 0.110713 0.031333 0.036019
0 0.411922 0.785968 0.023813 0.044343
0 0.393411 0.780352 0.018615 0.049407
0 0.415547 0.775495 0.018604 0.036102
0 0.407411 0.739176 0.018010 0.045944
0 0.393482 0.738176 0.019568 0.036148
0 0.341909 0.624556 0.021536 0.053185
0 0.378531 0.651153 0.026271 0.040583
0 0.345005 0.515116 0.025469 0.040713
0 0.354008 0.499199 0.022901 0.040620
0 0.304867 0.382875 0.029891 0.045583
0 0.194979 0.196884 0.021146 0.040583
0 0.204703 0.929310 0.030552 0.058713
0 0.300721 0.935356 0.024589 0.052694
0 0.134883 0.834681 0.022891 0.051046
0 0.116745 0.859398 0.021979 0.045185
0 0.436971 0.329231 0.027047 0.054185
