0 0.796089 0.748894 0.017031 0.046639
0 0.770737 0.710509 0.021995 0.051185
0 0.745357 0.654125 0.018609 0.046620
0 0.719979 0.645856 0.020302 0.045120
0 0.705161 0.608995 0.017792 0.034583
0 0.689518 0.574431 0.020307 0.043657
0 0.672589 0.567667 0.016938 0.039148
0 0.676406 0.493949 0.019458 0.045120
0 0.633682 0.431528 0.018615 0.043611
0 0.585034 0.443565 0.017766 0.040611
0 0.558810 0.431528 0.021151 0.043611
0 0.527505 0.612769 0.019458 0.042111
0 0.516083 0.614310 0.013604 0.036065
0 0.560508 0.675199 0.017766 0.043583
0 0.569349 0.672963 0.020365 0.030185
0 0.578237 0.680491 0.017828 0.039111
0 0.583773 0.743616 0.029620 0.042139
0 0.631578 0.840625 0.019437 0.043620
0 0.444117 0.724046 0.028839 0.054111
0 0.441638 0.690218 0.021984 0.052657
0 0.445031 0.658620 0.023708 0.037648
0 0.368833 0.355574 0.021240 0.048130
0 0.361688 0.319477 0.023687 0.046620
0 0.368865 0.283370 0.022823 0.061667
0 0.498685 0.293792 0.021255 0.045324
0 0.601104 0.180333 0.022844 0.028537
0 0.491086 0.032204 0.021234 0.048130
0 0.508849 0.014602 0.022927 0.029204
0 0.384339 0.805819 0.014760 0.040954
0 0.361263 0.812801 0.018609 0.045120
0 0.379427 0.814681 0.015500 0.036102
0 0.364646 0.772944 0.021979 0.034537
0 0.373932 0.773699 0.023812 0.030083
0 0.317208 0.655662 0.025427 0.046565
0 0.352737 0.686491 0.018672 0.045093
0 0.318930 0.550380 0.018724 0.034667
0 0.332445 0.533028 0.022057 0.036111
0 0.281740 0.420986 0.023698 0.043583
0 0.208536 0.243472 0.027917 0.046593
0 0.184823 0.953407 0.022938 0.043667
0 0.268146 0.959435 0.022052 0.037630
0 0.101070 0.861704 0.016161 0.034556
0 0.083750 0.878185 0.021979 0.043611
