0 0.815458 0.571227 0.029792 0.089620
0 0.786734 0.543588 0.030969 0.050324
0 0.755398 0.478185 0.030234 0.067759
0 0.728901 0.471523 0.029604 0.058694
0 0.714370 0.434782 0.029635 0.043435
0 0.690271 0.395495 0.028740 0.045194
0 0.673687 0.396824 0.022031 0.048130
0 0.675609 0.305921 0.023688 0.052676
0 0.618872 0.231269 0.024495 0.043630
0 0.562146 0.258213 0.027083 0.057130
0 0.530318 0.235454 0.022010 0.051148
0 0.506102 0.440185 0.021995 0.046574
0 0.493003 0.444972 0.022182 0.043611
0 0.547341 0.514458 0.023547 0.045194
0 0.555703 0.515093 0.019479 0.043741
0 0.548711 0.503944 0.020661 0.045963
0 0.566534 0.585282 0.026255 0.049657
0 0.623646 0.689824 0.032135 0.051204
0 0.305526 0.572310 0.028010 0.060083
0 0.302427 0.516681 0.026167 0.048583
0 0.308508 0.488384 0.026724 0.049676
0 0.222852 0.135944 0.032276 0.066148
0 0.208208 0.105306 0.028781 0.069167
0 0.215146 0.066273 0.028719 0.067491
0 0.472695 0.104875 0.026318 0.049750
0 0.361992 0.693523 0.031589 0.061954
0 0.344117 0.689116 0.037995 0.050528
0 0.371271 0.679023 0.022854 0.038972
0 0.353628 0.642343 0.026984 0.046574
0 0.344318 0.645296 0.035687 0.060204
0 0.289031 0.520565 0.018729 0.050222
0 0.324203 0.546032 0.018125 0.041380
0 0.275898 0.379301 0.032245 0.052731
0 0.241237 0.264606 0.026193 0.046565
0 0.068802 0.045542 0.025396 0.042102
0 0.134654 0.851255 0.030547 0.058713
0 0.264747 0.841981 0.024589 0.052704
0 0.090008 0.744713 0.023453 0.045741
0 0.353969 0.179519 0.027052 0.054185
0 0.292591 0.117583 0.030464 0.060167
0 0.461508 0.244278 0.019474 0.054148
0 0.444747 0.248514 0.029234 0.064583
0 0.724630 0.327750 0.026229 0.046630
