0 0.840503 0.699995 0.024620 0.058694
0 0.813036 0.669148 0.024542 0.055685
0 0.787318 0.605954 0.030240 0.067759
0 0.763526 0.601463 0.029604 0.058704
0 0.748734 0.568389 0.025417 0.039093
0 0.730977 0.530042 0.025380 0.045194
0 0.713203 0.526028 0.022031 0.048130
0 0.714906 0.449560 0.023687 0.052676
0 0.669776 0.382639 0.025354 0.043630
0 0.621862 0.397713 0.027089 0.057130
0 0.590526 0.382639 0.022010 0.051148
0 0.564305 0.569889 0.021995 0.046574
0 0.551630 0.580222 0.022083 0.045093
0 0.604081 0.635065 0.018609 0.055685
0 0.612346 0.642856 0.021193 0.039269
0 0.600232 0.637194 0.018484 0.041852
0 0.617206 0.705227 0.026255 0.049657
0 0.668362 0.805306 0.032130 0.051204
0 0.438195 0.675931 0.030526 0.063102
0 0.436563 0.639079 0.021990 0.052657
0 0.445875 0.618009 0.023708 0.037648
0 0.368828 0.309722 0.025469 0.052593
0 0.359563 0.284894 0.028781 0.069176
0 0.365490 0.240500 0.028698 0.063185
0 0.529146 0.255431 0.026344 0.045287
0 0.629872 0.120907 0.031339 0.036019
0 0.415776 0.784972 0.022094 0.040556
0 0.396797 0.781968 0.018615 0.045120
0 0.422529 0.778435 0.017109 0.036093
0 0.411484 0.745588 0.015990 0.045009
0 0.398589 0.741398 0.019563 0.036148
0 0.350479 0.619852 0.025417 0.060093
0 0.382339 0.658676 0.025427 0.039074
0 0.354469 0.520681 0.027167 0.044454
0 0.365003 0.498199 0.027974 0.046639
0 0.311914 0.384889 0.023693 0.043593
0 0.216565 0.196889 0.033859 0.046593
0 0.214008 0.923296 0.030547 0.058704
0 0.303258 0.930843 0.024589 0.052704
0 0.136445 0.834968 0.022891 0.051046
0 0.121188 0.854889 0.021979 0.045185
