0 0.836339 0.699935 0.024625 0.058704
0 0.807927 0.669380 0.024542 0.055685
0 0.781854 0.604667 0.030240 0.067759
0 0.758208 0.599968 0.029604 0.058694
0 0.744245 0.567634 0.025417 0.039083
0 0.722234 0.530042 0.025385 0.045194
0 0.706677 0.522954 0.022031 0.048130
0 0.709510 0.446551 0.023688 0.052676
0 0.663609 0.379065 0.025354 0.043630
0 0.610479 0.393472 0.027083 0.057130
0 0.582807 0.379819 0.022010 0.051139
0 0.557417 0.566444 0.021990 0.046574
0 0.543531 0.568120 0.022083 0.045093
0 0.598568 0.628764 0.017760 0.049139
0 0.606331 0.633829 0.021193 0.039269
0 0.598602 0.634486 0.022880 0.042250
0 0.610435 0.703421 0.026255 0.049657
0 0.662099 0.801389 0.032135 0.051204
0 0.429156 0.672495 0.026323 0.055620
0 0.424565 0.635116 0.021984 0.052657
0 0.435721 0.606477 0.023714 0.037639
0 0.354034 0.294690 0.022953 0.061602
0 0.345745 0.274116 0.028781 0.069176
0 0.352375 0.229222 0.028698 0.063185
0 0.524354 0.248412 0.026344 0.045287
0 0.625359 0.115389 0.031333 0.036019
0 0.410216 0.786685 0.021786 0.041185
0 0.393411 0.778986 0.018615 0.046676
0 0.416859 0.776611 0.017802 0.036093
0 0.410562 0.739843 0.015990 0.045000
0 0.396742 0.737296 0.019568 0.036148
0 0.345214 0.618176 0.025417 0.060093
0 0.384031 0.648898 0.025427 0.039074
0 0.347698 0.511287 0.025469 0.040722
0 0.357237 0.497287 0.022901 0.040630
0 0.309471 0.379208 0.023693 0.043583
0 0.202594 0.192375 0.021146 0.040583
0 0.211701 0.924116 0.030547 0.058713
0 0.305799 0.921819 0.024589 0.052694
0 0.136055 0.833579 0.022891 0.051046
0 0.119286 0.850370 0.021979 0.045185
0 0.445516 0.328185 0.027052 0.054185
