0 0.763094 0.762421 0.017031 0.046639
0 0.741128 0.737579 0.021995 0.051176
0 0.716591 0.672176 0.018609 0.046630
0 0.693750 0.666912 0.020302 0.045120
0 0.681469 0.636069 0.017792 0.034583
0 0.662445 0.599981 0.020307 0.037593
0 0.644672 0.587218 0.016937 0.039139
0 0.651875 0.524028 0.019458 0.045130
0 0.607456 0.457097 0.018609 0.043620
0 0.558810 0.469130 0.017766 0.040611
0 0.535122 0.449579 0.021151 0.043620
0 0.505510 0.626306 0.019458 0.042111
0 0.494091 0.630833 0.020297 0.042037
0 0.541469 0.687944 0.020312 0.033056
0 0.550721 0.698537 0.018682 0.033167
0 0.535943 0.704537 0.014427 0.033056
0 0.560513 0.760181 0.024557 0.036083
0 0.602380 0.846644 0.022000 0.043620
0 0.425505 0.736833 0.027135 0.049593
0 0.424714 0.703009 0.020302 0.042111
0 0.431063 0.675931 0.017771 0.030083
0 0.357414 0.375130 0.021234 0.048130
0 0.351109 0.344292 0.023688 0.046620
0 0.358935 0.310454 0.023266 0.066185
0 0.476680 0.319000 0.018724 0.047574
0 0.582919 0.201389 0.025391 0.025556
0 0.475857 0.060782 0.021234 0.048120
0 0.493625 0.032958 0.022927 0.037602
0 0.358688 0.830074 0.022094 0.040556
0 0.340112 0.828847 0.018609 0.045120
0 0.366432 0.818787 0.014927 0.036093
0 0.343495 0.788741 0.021979 0.034537
0 0.355318 0.787231 0.023813 0.030074
0 0.295214 0.670699 0.025427 0.046565
0 0.325664 0.701528 0.018672 0.045093
0 0.299893 0.575176 0.028026 0.048167
0 0.314961 0.552074 0.022057 0.036111
0 0.262911 0.437532 0.022417 0.040583
0 0.201771 0.273556 0.027917 0.046593
0 0.170021 0.962449 0.020396 0.040620
0 0.242344 0.960935 0.019521 0.034630
0 0.079922 0.862458 0.016167 0.034546
0 0.065135 0.888713 0.021979 0.043611
