0 0.842195 0.702250 0.024620 0.058704
0 0.815151 0.670653 0.024542 0.055694
0 0.785964 0.602944 0.030240 0.067759
0 0.764375 0.595444 0.029604 0.058704
0 0.746198 0.560116 0.025417 0.039083
0 0.726745 0.525532 0.025385 0.045194
0 0.708125 0.522519 0.022031 0.048130
0 0.711521 0.440532 0.023687 0.052676
0 0.663292 0.375870 0.025354 0.043630
0 0.609172 0.393954 0.027083 0.057130
0 0.581643 0.378880 0.022016 0.051148
0 0.554154 0.565370 0.021995 0.046574
0 0.541479 0.576713 0.022083 0.045093
0 0.594193 0.630000 0.026510 0.049630
0 0.604870 0.636079 0.022031 0.043769
0 0.590211 0.639505 0.018411 0.045880
0 0.614667 0.708125 0.026250 0.049657
0 0.664979 0.805306 0.032135 0.051204
0 0.418328 0.688005 0.028010 0.060083
0 0.414984 0.635310 0.027969 0.056991
0 0.419646 0.621019 0.023708 0.037648
0 0.340919 0.297190 0.022953 0.063120
0 0.328823 0.266171 0.028781 0.069176
0 0.333339 0.224708 0.028698 0.063194
0 0.521813 0.244648 0.026344 0.045278
0 0.618969 0.108037 0.031333 0.036019
0 0.412422 0.788704 0.026302 0.054074
0 0.395104 0.780741 0.018615 0.050185
0 0.417826 0.777125 0.019068 0.036102
0 0.409219 0.744468 0.021271 0.044676
0 0.394948 0.741583 0.019563 0.036148
0 0.344464 0.626028 0.023260 0.056259
0 0.377682 0.652653 0.027969 0.043583
0 0.343469 0.517301 0.025469 0.040713
0 0.356273 0.501551 0.022901 0.040620
0 0.302484 0.387125 0.034656 0.054083
0 0.184396 0.205671 0.025396 0.042102
0 0.199909 0.939338 0.030547 0.058713
0 0.303258 0.942875 0.024589 0.052694
0 0.137424 0.839940 0.022891 0.051046
0 0.117594 0.868426 0.021979 0.045185
0 0.437565 0.327602 0.027047 0.054185
