0 0.835362 0.703060 0.024620 0.058694
0 0.807146 0.670421 0.024542 0.055694
0 0.780042 0.605954 0.030240 0.067759
0 0.758026 0.601102 0.029604 0.058704
0 0.743073 0.567634 0.025417 0.039083
0 0.721388 0.530042 0.025380 0.045194
0 0.705120 0.522519 0.022031 0.048130
0 0.707292 0.446551 0.023688 0.052676
0 0.662021 0.379630 0.025354 0.043630
0 0.609328 0.394296 0.027083 0.057130
0 0.579951 0.380380 0.022016 0.051148
0 0.554516 0.565157 0.021990 0.046574
0 0.542083 0.569407 0.022083 0.045093
0 0.597305 0.629259 0.020286 0.048148
0 0.605201 0.633829 0.021193 0.039269
0 0.594737 0.633764 0.023849 0.042250
0 0.607898 0.705227 0.026255 0.049657
0 0.659057 0.802296 0.032135 0.051204
0 0.426112 0.673394 0.026318 0.055620
0 0.423180 0.635523 0.021984 0.052657
0 0.433354 0.608083 0.023708 0.037648
0 0.351495 0.294690 0.022948 0.061602
0 0.342359 0.273356 0.028781 0.069176
0 0.348568 0.229222 0.028698 0.063185
0 0.522661 0.247657 0.026344 0.045278
0 0.619719 0.113389 0.031333 0.036019
0 0.410818 0.786833 0.021552 0.041648
0 0.393411 0.779574 0.018615 0.047852
0 0.416344 0.775954 0.018146 0.036093
0 0.410104 0.736972 0.015990 0.045000
0 0.395820 0.735250 0.019568 0.036148
0 0.343240 0.618676 0.025417 0.060093
0 0.380984 0.649796 0.025427 0.039074
0 0.346547 0.512931 0.025469 0.040713
0 0.355852 0.498106 0.022901 0.040620
0 0.308341 0.376704 0.023693 0.043593
0 0.200057 0.192375 0.021146 0.040583
0 0.210549 0.924528 0.030547 0.058704
0 0.303622 0.927616 0.024589 0.052694
0 0.135859 0.832884 0.022896 0.051046
0 0.118198 0.854241 0.021979 0.045185
0 0.441961 0.327278 0.027047 0.054185
