0 0.741214 0.483417 0.029771 0.063981
0 0.715674 0.445838 0.030964 0.050324
0 0.679438 0.369528 0.030240 0.067759
0 0.653862 0.375296 0.029609 0.058704
0 0.637906 0.332125 0.032667 0.043435
0 0.613260 0.293819 0.028740 0.045194
0 0.594740 0.289056 0.022031 0.048130
0 0.595570 0.200884 0.024703 0.052676
0 0.540716 0.126815 0.024495 0.043630
0 0.480375 0.151907 0.027083 0.057130
0 0.447870 0.133278 0.022010 0.051148
0 0.422203 0.343611 0.021990 0.046574
0 0.410443 0.354657 0.022177 0.043611
0 0.473258 0.422403 0.013495 0.037602
0 0.465073 0.421708 0.021198 0.043065
0 0.461698 0.423995 0.021021 0.045972
0 0.484836 0.497194 0.026255 0.049667
0 0.544469 0.603532 0.032135 0.051194
0 0.199505 0.481657 0.031104 0.066111
0 0.191370 0.433736 0.021146 0.038491
0 0.205641 0.398370 0.023406 0.038370
0 0.114188 0.047181 0.032271 0.066139
0 0.099448 0.023148 0.021708 0.046296
0 0.389352 0.007435 0.026318 0.016426
0 0.276602 0.600245 0.022172 0.047009
0 0.263919 0.595741 0.024130 0.041556
0 0.284560 0.589403 0.023766 0.039176
0 0.272701 0.551231 0.022870 0.032185
0 0.260169 0.551329 0.020568 0.035380
0 0.207180 0.428241 0.018047 0.038241
0 0.240958 0.456042 0.023156 0.038324
0 0.152206 0.164384 0.026193 0.046565
0 0.036911 0.786120 0.021375 0.045981
0 0.181612 0.772977 0.024589 0.052694
0 0.258104 0.077852 0.034698 0.054185
0 0.190909 0.027898 0.030464 0.055796
0 0.378281 0.143491 0.020302 0.054148
0 0.358479 0.143917 0.035083 0.059370
0 0.646357 0.225810 0.026224 0.046620
