0 0.748289 0.774458 0.017026 0.046639
0 0.724206 0.751134 0.021995 0.045120
0 0.698826 0.688718 0.018609 0.046620
0 0.675138 0.687968 0.020307 0.045120
0 0.660755 0.651120 0.015229 0.034593
0 0.643833 0.613514 0.020302 0.037602
0 0.629443 0.609778 0.016937 0.039148
0 0.632411 0.537565 0.019458 0.045130
0 0.592229 0.469130 0.018615 0.043611
0 0.546117 0.485676 0.017766 0.040611
0 0.518201 0.469130 0.021151 0.043611
0 0.491693 0.642847 0.019458 0.042120
0 0.480552 0.646625 0.016917 0.040565
0 0.530469 0.704491 0.020313 0.033056
0 0.535500 0.710528 0.015312 0.033093
0 0.523255 0.707546 0.014427 0.033056
0 0.543581 0.776713 0.022839 0.027130
0 0.588419 0.865444 0.021995 0.043611
0 0.421276 0.751870 0.027135 0.049593
0 0.421047 0.718546 0.020302 0.042111
0 0.426620 0.690977 0.015656 0.030083
0 0.351492 0.399194 0.021234 0.048130
0 0.346034 0.372870 0.023693 0.046630
0 0.350687 0.333014 0.022844 0.057157
0 0.459771 0.339796 0.016198 0.040611
0 0.564305 0.230708 0.023682 0.021083
0 0.465706 0.090861 0.021234 0.048130
0 0.482625 0.069051 0.022927 0.037602
0 0.377294 0.014907 0.018693 0.028574
0 0.391255 0.013093 0.017854 0.026185
0 0.348536 0.842870 0.022094 0.039074
0 0.331229 0.838125 0.018615 0.045120
0 0.354029 0.829347 0.014464 0.036102
0 0.331651 0.803028 0.021979 0.034537
0 0.344734 0.797764 0.021260 0.030083
0 0.285919 0.690236 0.022068 0.043583
0 0.319740 0.716574 0.016979 0.027037
0 0.290578 0.588704 0.021240 0.036111
0 0.298604 0.572130 0.022063 0.036111
0 0.253388 0.460097 0.021141 0.037583
0 0.196076 0.292764 0.024099 0.044361
0 0.161135 0.975616 0.017854 0.038361
0 0.228396 0.980505 0.015313 0.031583
0 0.067229 0.881259 0.016167 0.034556
0 0.052448 0.900741 0.021979 0.043611
0 0.023255 0.011574 0.026302 0.023148
