0 0.834385 0.706185 0.024625 0.058704
0 0.806365 0.671463 0.024542 0.055685
0 0.780151 0.606333 0.030240 0.067759
0 0.757844 0.602231 0.029604 0.058704
0 0.741901 0.567634 0.025417 0.039083
0 0.720542 0.530042 0.025385 0.045194
0 0.706245 0.522519 0.022031 0.048130
0 0.706339 0.445801 0.023688 0.052676
0 0.660438 0.380194 0.025354 0.043630
0 0.608172 0.395111 0.027083 0.057130
0 0.577096 0.380944 0.022016 0.051148
0 0.551615 0.563870 0.021990 0.046574
0 0.540630 0.570694 0.022083 0.045093
0 0.593497 0.632634 0.017714 0.039657
0 0.601484 0.633829 0.015260 0.039269
0 0.593443 0.633731 0.022635 0.043759
0 0.607898 0.706681 0.026255 0.049657
0 0.659057 0.807704 0.032135 0.051204
0 0.421148 0.682718 0.026318 0.055620
0 0.421794 0.635931 0.021984 0.052657
0 0.428784 0.614398 0.023714 0.037648
0 0.348956 0.296190 0.022953 0.061602
0 0.338411 0.271356 0.028781 0.069176
0 0.344760 0.229222 0.028698 0.063185
0 0.520969 0.246907 0.026344 0.045278
0 0.619438 0.111380 0.031333 0.036019
0 0.411422 0.786977 0.021323 0.042120
0 0.393411 0.780157 0.018615 0.049019
0 0.415828 0.775292 0.018490 0.036102
0 0.408258 0.738120 0.017339 0.045630
0 0.394159 0.736972 0.019568 0.036148
0 0.342135 0.622653 0.022833 0.055491
0 0.378742 0.650778 0.025849 0.039833
0 0.345391 0.514569 0.025469 0.040713
0 0.354466 0.498926 0.022901 0.040630
0 0.306417 0.382380 0.026792 0.044593
0 0.196672 0.194630 0.021146 0.040574
0 0.207242 0.927056 0.030547 0.058704
0 0.301445 0.933421 0.024589 0.052694
0 0.135305 0.833551 0.022891 0.051046
0 0.117109 0.858111 0.021979 0.045185
0 0.438240 0.328481 0.027052 0.054185
