0 0.747492 0.524829 0.027193 0.058546
0 0.718846 0.494903 0.030964 0.050324
0 0.681060 0.411898 0.030234 0.067759
0 0.654229 0.416903 0.029604 0.058694
0 0.638070 0.374514 0.025880 0.043435
0 0.613448 0.330829 0.028740 0.054176
0 0.593839 0.328491 0.022031 0.048130
0 0.594018 0.233870 0.023859 0.064815
0 0.531719 0.156472 0.024500 0.043630
0 0.470964 0.181667 0.027083 0.057130
0 0.442969 0.159204 0.022010 0.051148
0 0.414404 0.387898 0.021995 0.046574
0 0.402893 0.396546 0.022182 0.043611
0 0.472159 0.464486 0.017974 0.041120
0 0.464089 0.479324 0.020010 0.033667
0 0.458464 0.460116 0.018948 0.033083
0 0.482711 0.545074 0.026255 0.049667
0 0.542693 0.657620 0.032135 0.051185
0 0.160305 0.548083 0.034849 0.082611
0 0.157570 0.477444 0.024307 0.047463
0 0.168922 0.445514 0.023406 0.038380
0 0.076932 0.075125 0.032271 0.066139
0 0.061396 0.039491 0.031698 0.069907
0 0.379234 0.027102 0.026813 0.043759
0 0.273034 0.648218 0.022172 0.047009
0 0.255534 0.653556 0.024661 0.048093
0 0.283310 0.633884 0.027339 0.045750
0 0.270237 0.601838 0.025984 0.035398
0 0.254164 0.606162 0.020568 0.035380
0 0.197141 0.475241 0.018052 0.038241
0 0.237857 0.511116 0.023151 0.038324
0 0.037078 0.824250 0.021375 0.045981
0 0.184810 0.811875 0.024589 0.052694
0 0.238201 0.109481 0.034703 0.065463
0 0.367896 0.173449 0.021104 0.051657
0 0.353396 0.186546 0.023979 0.054537
0 0.650422 0.260069 0.026219 0.046620
