0 0.874414 0.680213 0.028120 0.070148
0 0.845906 0.666088 0.023844 0.057194
0 0.812906 0.601468 0.030240 0.067750
0 0.788740 0.598713 0.029604 0.058704
0 0.773971 0.560088 0.029630 0.043435
0 0.749594 0.525343 0.028740 0.045204
0 0.729682 0.517611 0.022031 0.048130
0 0.735146 0.433792 0.023688 0.052676
0 0.683219 0.358157 0.025354 0.043630
0 0.627172 0.377269 0.027083 0.057130
0 0.597615 0.371065 0.022010 0.051148
0 0.571971 0.568833 0.021995 0.046574
0 0.559411 0.569407 0.015333 0.043611
0 0.615953 0.626370 0.018073 0.040426
0 0.622318 0.636477 0.022031 0.043769
0 0.613107 0.631509 0.017547 0.042037
0 0.632529 0.712755 0.026255 0.049657
0 0.688484 0.815750 0.032135 0.051204
0 0.391826 0.696588 0.028953 0.056454
0 0.390378 0.647366 0.024203 0.049213
0 0.400305 0.616417 0.026141 0.039148
0 0.318583 0.295125 0.022948 0.066139
0 0.306771 0.257968 0.028781 0.069176
0 0.312453 0.216764 0.028719 0.070657
0 0.535870 0.231991 0.026344 0.045278
0 0.625359 0.084815 0.031333 0.036019
0 0.429776 0.800463 0.031396 0.057037
0 0.409995 0.789769 0.018615 0.050185
0 0.436490 0.787894 0.020333 0.036102
0 0.423490 0.752120 0.026979 0.046574
0 0.407794 0.752750 0.022078 0.034667
0 0.355990 0.631713 0.013333 0.022130
0 0.386557 0.674532 0.024333 0.041806
0 0.342815 0.492597 0.027120 0.047046
0 0.357893 0.519056 0.021422 0.034593
0 0.316867 0.381593 0.035224 0.057130
0 0.168318 0.189130 0.025396 0.042111
0 0.209216 0.950565 0.030547 0.058704
0 0.327404 0.949741 0.024589 0.052704
0 0.138198 0.883426 0.021979 0.045185
0 0.435753 0.322153 0.027047 0.054194
0 0.373951 0.257958 0.022005 0.051139
