0 0.845581 0.700745 0.024620 0.058694
0 0.820227 0.667644 0.024547 0.055694
0 0.790198 0.601444 0.030240 0.067759
0 0.769451 0.593190 0.029609 0.058694
0 0.748734 0.555602 0.025417 0.039093
0 0.731401 0.523273 0.025385 0.045194
0 0.712359 0.519514 0.022031 0.048139
0 0.715328 0.438282 0.023688 0.052676
0 0.666253 0.373616 0.025349 0.043639
0 0.611708 0.391694 0.027083 0.057130
0 0.583758 0.376620 0.022016 0.051148
0 0.555003 0.564769 0.021995 0.046574
0 0.544854 0.575972 0.015333 0.043611
0 0.598411 0.631481 0.018073 0.046667
0 0.609276 0.635208 0.022031 0.043769
0 0.594432 0.640264 0.009990 0.047787
0 0.615513 0.705120 0.026255 0.049667
0 0.671745 0.803796 0.032135 0.051204
0 0.416826 0.687838 0.028016 0.060083
0 0.413292 0.642829 0.027969 0.056991
0 0.419646 0.620144 0.023708 0.037639
0 0.340495 0.295056 0.022948 0.063870
0 0.327695 0.265505 0.028776 0.069176
0 0.333341 0.224148 0.028703 0.064315
0 0.523083 0.243898 0.026344 0.045278
0 0.618875 0.107370 0.031333 0.036019
0 0.414958 0.788704 0.026302 0.054074
0 0.395951 0.780741 0.018609 0.050185
0 0.420945 0.778130 0.019182 0.036093
0 0.411914 0.745097 0.024130 0.045620
0 0.396359 0.742083 0.019562 0.036148
0 0.345969 0.624861 0.025417 0.060093
0 0.379893 0.653866 0.027974 0.043583
0 0.346005 0.518056 0.025469 0.040722
0 0.356841 0.502139 0.022901 0.040630
0 0.302484 0.385602 0.034656 0.057130
0 0.185240 0.202662 0.025396 0.042102
0 0.199628 0.941343 0.030547 0.058704
0 0.308971 0.943597 0.024589 0.052694
0 0.143346 0.842949 0.022891 0.051046
0 0.125208 0.868426 0.021979 0.045185
0 0.439133 0.326037 0.027047 0.054185
