0 0.838818 0.728588 0.018708 0.046639
0 0.816000 0.692458 0.022000 0.051176
0 0.789763 0.633796 0.024547 0.049463
0 0.762693 0.624778 0.027896 0.046667
0 0.746198 0.596213 0.025417 0.039093
0 0.729708 0.548843 0.025385 0.045204
0 0.716167 0.552602 0.022031 0.048130
0 0.717865 0.483421 0.019458 0.045120
0 0.675984 0.402949 0.018615 0.043620
0 0.619732 0.428532 0.025391 0.054120
0 0.592930 0.404954 0.021151 0.043611
0 0.564729 0.590958 0.019458 0.042120
0 0.552464 0.597764 0.013604 0.036065
0 0.602669 0.657644 0.018047 0.047620
0 0.613341 0.666185 0.020359 0.034722
0 0.599354 0.665116 0.012979 0.035306
0 0.620586 0.729310 0.025411 0.043602
0 0.671766 0.826338 0.019437 0.043620
0 0.455961 0.704491 0.028839 0.054111
0 0.454753 0.670662 0.021984 0.052657
0 0.461948 0.641472 0.023708 0.037648
0 0.387193 0.332407 0.021240 0.048130
0 0.379021 0.301681 0.025396 0.056657
0 0.387344 0.265065 0.026740 0.065685
0 0.531685 0.274231 0.026339 0.045278
0 0.636224 0.156231 0.030479 0.028537
0 0.511815 0.017606 0.021234 0.035213
0 0.418755 0.801500 0.022094 0.040556
0 0.401872 0.800773 0.018609 0.045120
0 0.425555 0.788810 0.016307 0.036102
0 0.400464 0.756407 0.021979 0.034537
0 0.411438 0.757144 0.023813 0.030102
0 0.353589 0.640620 0.025427 0.046574
0 0.385724 0.675213 0.025427 0.043574
0 0.356146 0.533815 0.023812 0.039222
0 0.366701 0.527023 0.026276 0.042157
0 0.316427 0.399931 0.023698 0.043583
0 0.231943 0.228935 0.027917 0.046593
0 0.211182 0.943366 0.030531 0.052657
0 0.304523 0.956426 0.022057 0.037630
0 0.136599 0.855718 0.022073 0.042065
0 0.118438 0.869162 0.028750 0.049639
