0 0.867565 0.681065 0.028120 0.070148
0 0.841917 0.655361 0.024542 0.055685
0 0.810005 0.588574 0.030240 0.067759
0 0.785807 0.588384 0.029604 0.058694
0 0.769651 0.548208 0.025417 0.039083
0 0.748870 0.513741 0.028740 0.045204
0 0.730406 0.512454 0.022031 0.048130
0 0.732437 0.428375 0.023688 0.052676
0 0.680260 0.364926 0.025354 0.043630
0 0.625646 0.382083 0.027083 0.057130
0 0.599646 0.369565 0.022010 0.051148
0 0.570279 0.561315 0.021995 0.046574
0 0.557719 0.567907 0.015333 0.043611
0 0.613693 0.624250 0.018073 0.046667
0 0.627112 0.633468 0.022036 0.043769
0 0.611187 0.634616 0.017156 0.044917
0 0.634219 0.696213 0.026250 0.049667
0 0.685667 0.804213 0.032135 0.051204
0 0.410807 0.687171 0.028010 0.060083
0 0.412935 0.640551 0.022911 0.049602
0 0.418044 0.616977 0.023714 0.037639
0 0.337534 0.290912 0.022953 0.066139
0 0.323182 0.262829 0.028781 0.069176
0 0.333349 0.220977 0.028719 0.070657
0 0.535870 0.236000 0.026344 0.045278
0 0.626490 0.087819 0.031333 0.036009
0 0.424271 0.789199 0.028000 0.055065
0 0.407513 0.788759 0.018609 0.050185
0 0.430411 0.784551 0.019635 0.036102
0 0.422727 0.749338 0.026984 0.046565
0 0.405424 0.743125 0.022078 0.034676
0 0.356620 0.624204 0.025417 0.060093
0 0.394148 0.658287 0.023078 0.043778
0 0.345885 0.495519 0.028000 0.048222
0 0.358992 0.517986 0.027130 0.040620
0 0.316021 0.376574 0.034656 0.057130
0 0.187779 0.192639 0.025391 0.042111
0 0.209779 0.946412 0.030547 0.058713
0 0.326529 0.945829 0.024589 0.052694
0 0.148771 0.849532 0.017156 0.030102
0 0.138990 0.871750 0.021979 0.045185
0 0.443112 0.322153 0.027047 0.054194
0 0.384529 0.263829 0.017766 0.051139
