0 0.819784 0.739866 0.018714 0.046639
0 0.796964 0.704495 0.022000 0.051176
0 0.771583 0.643597 0.018615 0.046620
0 0.746206 0.636829 0.020307 0.045120
0 0.728003 0.598468 0.017786 0.034583
0 0.710669 0.560894 0.020307 0.043657
0 0.695432 0.558639 0.016937 0.039148
0 0.702635 0.486431 0.019458 0.045120
0 0.655680 0.416486 0.018609 0.043620
0 0.604492 0.432259 0.017766 0.045074
0 0.576576 0.413477 0.021151 0.043620
0 0.549505 0.599231 0.019458 0.042111
0 0.535542 0.605282 0.013604 0.036065
0 0.587581 0.663167 0.017766 0.043593
0 0.594729 0.666185 0.020365 0.034722
0 0.583766 0.671023 0.018875 0.029250
0 0.602396 0.735329 0.025417 0.043602
0 0.653573 0.831606 0.019437 0.043620
0 0.455117 0.706745 0.028839 0.054102
0 0.453484 0.673671 0.021990 0.052657
0 0.459411 0.645833 0.023708 0.037648
0 0.381102 0.342037 0.021234 0.048130
0 0.374799 0.312708 0.023693 0.046620
0 0.383669 0.278111 0.022828 0.061667
0 0.514758 0.284764 0.021255 0.045324
0 0.623534 0.156231 0.030474 0.028537
0 0.502930 0.021366 0.021234 0.042731
0 0.405219 0.803000 0.022094 0.040556
0 0.381568 0.806782 0.018615 0.045120
0 0.405885 0.795134 0.015844 0.036102
0 0.384953 0.762417 0.021979 0.034537
0 0.393391 0.761667 0.023812 0.030074
0 0.338359 0.645134 0.025427 0.046565
0 0.371346 0.681981 0.018672 0.045093
0 0.335846 0.544361 0.018724 0.034667
0 0.350214 0.520991 0.022063 0.036111
0 0.303737 0.408954 0.023693 0.043593
0 0.221229 0.225426 0.027917 0.046593
0 0.191594 0.954912 0.022938 0.043657
0 0.281685 0.953421 0.022057 0.037620
0 0.115867 0.852694 0.018682 0.040593
0 0.103208 0.867657 0.021979 0.043611
