0 0.595710 0.514888 0.056106 0.121588
0 0.787129 0.522333 0.066007 0.121588
0 0.856436 0.496278 0.066007 0.133995
0 0.596535 0.328784 0.051155 0.081886
0 0.482673 0.353598 0.074257 0.111663
0 0.129538 0.692308 0.054455 0.074442
0 0.259076 0.913151 0.069307 0.084367
0 0.179868 0.186104 0.079208 0.138958
0 0.209571 0.263027 0.066007 0.099256
0 0.193894 0.069479 0.084158 0.129032
0 0.089934 0.256824 0.061056 0.151365
0 0.027228 0.253102 0.051155 0.059553
0 0.029703 0.450372 0.052805 0.086849
0 0.080858 0.454094 0.049505 0.089330
0 0.183993 0.415633 0.041254 0.071960
0 0.148515 0.493797 0.056106 0.089330
