0 0.207921 0.109181 0.092409 0.133995
0 0.311881 0.110422 0.102310 0.121588
0 0.271452 0.485112 0.084158 0.111663
0 0.206271 0.678660 0.089109 0.126551
0 0.143564 0.730769 0.089109 0.176179
0 0.081683 0.604218 0.087459 0.156328
0 0.016502 0.645161 0.029703 0.119107
0 0.416667 0.586849 0.070957 0.106700
0 0.307756 0.372208 0.074257 0.119107
0 0.216172 0.313896 0.085809 0.126551
0 0.259901 0.346154 0.067657 0.166253
0 0.605611 0.338710 0.062706 0.131514
0 0.643564 0.249380 0.066007 0.131514
0 0.686469 0.399504 0.085809 0.104218
0 0.981023 0.235732 0.037954 0.158809
0 0.907591 0.099256 0.072607 0.138958
0 0.701320 0.090571 0.069307 0.086849
0 0.685644 0.178660 0.061056 0.074442
0 0.812706 0.893300 0.077558 0.119107
0 0.962046 0.599256 0.056106 0.121588
0 0.854785 0.171216 0.036304 0.064516
