0 0.036304 0.673697 0.062706 0.091811
0 0.614686 0.550868 0.070957 0.124069
0 0.534653 0.781638 0.049505 0.109181
0 0.514026 0.908189 0.054455 0.094293
0 0.707096 0.214640 0.064356 0.131514
0 0.142739 0.071960 0.074257 0.119107
0 0.270627 0.038462 0.069307 0.071960
0 0.079208 0.292804 0.046205 0.069479
0 0.615512 0.930521 0.056106 0.074442
0 0.599010 0.692308 0.046205 0.084367
0 0.505776 0.671216 0.044554 0.106700
0 0.399340 0.169975 0.036304 0.076923
0 0.090759 0.220844 0.052805 0.059553
0 0.556106 0.986352 0.029703 0.022333
