0 0.053630 0.884615 0.061056 0.126551
0 0.095710 0.779156 0.062706 0.084367
0 0.127888 0.425558 0.051155 0.096774
0 0.425743 0.399504 0.049505 0.104218
0 0.491749 0.188586 0.062706 0.143921
0 0.752475 0.270471 0.059406 0.089330
0 0.952970 0.395782 0.054455 0.081886
0 0.867987 0.096774 0.069307 0.124069
0 0.575908 0.208437 0.052805 0.084367
0 0.523102 0.682382 0.042904 0.044665
0 0.019802 0.302730 0.029703 0.059553
0 0.337459 0.366005 0.044554 0.101737
0 0.353135 0.048387 0.039604 0.071960
0 0.548680 0.302730 0.051155 0.084367
