0 0.169142 0.234491 0.156766 0.181141
0 0.135314 0.401985 0.102310 0.183623
0 0.256601 0.765509 0.084158 0.171216
0 0.356436 0.666253 0.082508 0.161290
0 0.424092 0.657568 0.072607 0.148883
0 0.511551 0.720844 0.118812 0.205955
0 0.519802 0.594293 0.102310 0.205955
0 0.683993 0.544665 0.074257 0.171216
0 0.727723 0.627792 0.082508 0.183623
0 0.485974 0.452854 0.087459 0.156328
0 0.885314 0.707196 0.100660 0.183623
0 0.929043 0.611663 0.118812 0.161290
0 0.868812 0.389578 0.136964 0.223325
0 0.622112 0.161290 0.135314 0.168734
0 0.916667 0.217122 0.070957 0.101737
0 0.768152 0.130273 0.070957 0.121588
