0 0.050330 0.452854 0.097360 0.156328
0 0.449670 0.813896 0.110561 0.193548
0 0.631188 0.854839 0.100660 0.181141
0 0.802805 0.700993 0.103960 0.161290
0 0.772277 0.915633 0.105611 0.163772
0 0.321782 0.575682 0.115512 0.218362
0 0.295380 0.404467 0.102310 0.178660
0 0.204620 0.632754 0.075908 0.129032
0 0.201320 0.464020 0.115512 0.188586
0 0.331683 0.081886 0.069307 0.119107
0 0.596535 0.522333 0.054455 0.101737
0 0.498350 0.244417 0.056106 0.131514
0 0.446370 0.965261 0.123762 0.069479
0 0.407591 0.885856 0.105611 0.148883
