0 0.146040 0.825062 0.074257 0.076923
0 0.143564 0.910670 0.046205 0.094293
0 0.029703 0.729529 0.039604 0.069479
0 0.021452 0.807692 0.039604 0.081886
0 0.025578 0.586849 0.047855 0.081886
0 0.113036 0.610422 0.044554 0.069479
0 0.091584 0.524814 0.031353 0.062035
0 0.093234 0.415633 0.054455 0.086849
0 0.097360 0.267990 0.052805 0.074442
0 0.018977 0.287841 0.034653 0.114144
0 0.372112 0.421836 0.067657 0.129032
0 0.556931 0.595533 0.051155 0.109181
0 0.666667 0.213400 0.072607 0.124069
0 0.852310 0.249380 0.057756 0.136476
0 0.976073 0.502481 0.047855 0.101737
0 0.448020 0.121588 0.074257 0.099256
0 0.225248 0.100496 0.077558 0.101737
0 0.509901 0.404467 0.056106 0.094293
