0 0.471947 0.866005 0.049505 0.089330
0 0.509076 0.827543 0.051155 0.081886
0 0.471947 0.792804 0.049505 0.066998
0 0.331683 0.801489 0.036304 0.074442
0 0.241749 0.952854 0.024752 0.064516
0 0.217822 0.856079 0.036304 0.069479
0 0.537954 0.161290 0.042904 0.089330
0 0.711221 0.774194 0.033003 0.069479
0 0.870462 0.862283 0.031353 0.076923
0 0.845710 0.789082 0.031353 0.064516
0 0.838284 0.558313 0.049505 0.094293
0 0.751650 0.269231 0.031353 0.081886
0 0.717822 0.209677 0.033003 0.057072
0 0.791254 0.037221 0.037954 0.069479
0 0.269802 0.264268 0.028053 0.052109
0 0.238449 0.256824 0.031353 0.062035
0 0.508251 0.558313 0.039604 0.074442
0 0.529703 0.653846 0.049505 0.076923
0 0.558581 0.921836 0.037954 0.076923
0 0.466997 0.119107 0.039604 0.074442
