0 0.247525 0.182382 0.052805 0.131514
0 0.104785 0.301489 0.034653 0.076923
0 0.134488 0.272953 0.034653 0.064516
0 0.412541 0.830025 0.049505 0.111663
0 0.290429 0.859801 0.039604 0.111663
0 0.861386 0.766749 0.059406 0.089330
0 0.833333 0.786600 0.049505 0.094293
0 0.764026 0.841191 0.052805 0.114144
0 0.920792 0.568238 0.052805 0.114144
0 0.880363 0.299007 0.047855 0.096774
0 0.832508 0.117866 0.047855 0.091811
0 0.907591 0.090571 0.046205 0.076923
0 0.612211 0.054591 0.046205 0.089330
0 0.649340 0.042184 0.054455 0.079404
0 0.424917 0.040943 0.034653 0.066998
