0 0.136964 0.382134 0.079208 0.183623
0 0.300330 0.465261 0.099010 0.131514
0 0.303630 0.583127 0.085809 0.158809
0 0.510726 0.504963 0.113861 0.161290
0 0.622937 0.961538 0.103960 0.071960
0 0.617987 0.482630 0.084158 0.166253
0 0.504125 0.322581 0.070957 0.129032
0 0.843234 0.576923 0.085809 0.166253
0 0.932343 0.507444 0.115512 0.131514
0 0.887789 0.387097 0.075908 0.148883
0 0.921617 0.893300 0.080858 0.173697
0 0.198020 0.081886 0.095710 0.158809
0 0.253300 0.060794 0.041254 0.116625
0 0.845710 0.080645 0.090759 0.136476
0 0.764026 0.102978 0.079208 0.076923
