0 0.406766 0.261787 0.070957 0.141439
0 0.468647 0.235732 0.069307 0.124069
0 0.359736 0.196030 0.066007 0.133995
0 0.278053 0.193548 0.057756 0.109181
0 0.657591 0.132754 0.057756 0.116625
0 0.880363 0.033499 0.100660 0.062035
0 0.740099 0.176179 0.057756 0.094293
0 0.969472 0.826303 0.061056 0.119107
0 0.462046 0.749380 0.056106 0.089330
0 0.460396 0.699752 0.075908 0.079404
0 0.738449 0.734491 0.051155 0.094293
0 0.511551 0.069479 0.066007 0.109181
0 0.316832 0.035980 0.056106 0.066998
0 0.684818 0.780397 0.056106 0.116625
