0 0.019802 0.522333 0.036304 0.176179
0 0.459571 0.565757 0.057756 0.114144
0 0.481848 0.236973 0.069307 0.131514
0 0.577558 0.279156 0.056106 0.121588
0 0.827558 0.347395 0.077558 0.138958
0 0.854785 0.191067 0.059406 0.124069
0 0.764026 0.165012 0.066007 0.116625
0 0.383663 0.075682 0.080858 0.081886
0 0.296205 0.073201 0.070957 0.096774
0 0.182343 0.037221 0.094059 0.069479
0 0.457096 0.903226 0.089109 0.188586
0 0.333333 0.745658 0.095710 0.151365
0 0.250825 0.916873 0.089109 0.131514
0 0.071782 0.291563 0.057756 0.111663
