0 0.052805 0.586849 0.052805 0.106700
0 0.202145 0.284119 0.057756 0.121588
0 0.059406 0.400744 0.052805 0.131514
0 0.461221 0.445409 0.047855 0.076923
0 0.636964 0.416873 0.046205 0.054591
0 0.619637 0.267990 0.044554 0.084367
0 0.378713 0.161290 0.051155 0.079404
0 0.381188 0.089330 0.052805 0.089330
0 0.461221 0.040943 0.044554 0.076923
0 0.170792 0.043424 0.054455 0.076923
0 0.936469 0.369727 0.057756 0.084367
0 0.957096 0.317618 0.052805 0.099256
0 0.971122 0.192308 0.054455 0.126551
0 0.945545 0.060794 0.039604 0.086849
0 0.896040 0.043424 0.046205 0.081886
0 0.905116 0.506203 0.047855 0.089330
0 0.808581 0.460298 0.052805 0.111663
0 0.966997 0.602978 0.059406 0.069479
0 0.976073 0.884615 0.047855 0.086849
0 0.917492 0.745658 0.052805 0.081886
0 0.727723 0.813896 0.062706 0.069479
0 0.600660 0.972705 0.049505 0.054591
0 0.830033 0.580645 0.042904 0.069479
