0 0.542904 0.566998 0.092409 0.136476
0 0.489274 0.632754 0.097360 0.124069
0 0.499175 0.756824 0.074257 0.124069
0 0.537129 0.880893 0.087459 0.133995
0 0.730198 0.936725 0.067657 0.116625
0 0.664191 0.908189 0.087459 0.099256
0 0.659241 0.760546 0.100660 0.126551
0 0.726898 0.638958 0.070957 0.126551
0 0.759076 0.746898 0.089109 0.153846
0 0.866337 0.451613 0.056106 0.094293
0 0.806931 0.723325 0.042904 0.076923
0 0.854785 0.935484 0.082508 0.129032
0 0.791254 0.981390 0.061056 0.037221
0 0.917492 0.940447 0.062706 0.119107
0 0.954620 0.947891 0.061056 0.104218
