# Camera list with one line of data per camera:
#   CAMERA_ID, MODEL, WIDTH, HEIGHT, PARAMS[]
# Number of cameras: 100
1 SIMPLE_RADIAL 1920 1080 3997.0533462941639 960 540 -0.0022051286877287778
2 SIMPLE_RADIAL 1920 1080 3971.1339815689216 960 540 -0.011523652529668802
3 SIMPLE_RADIAL 1920 1080 3963.7800290824034 960 540 -0.039269593682906889
4 SIMPLE_RADIAL 1920 1080 3952.5664946949983 960 540 -0.038852224742049121
5 SIMPLE_RADIAL 1920 1080 3936.8168766195872 960 540 -0.039721281590677844
6 SIMPLE_RADIAL 1920 1080 3911.8018698661035 960 540 -0.04949440037614667
7 SIMPLE_RADIAL 1920 1080 3896.3849502168891 960 540 -0.037370932748424998
8 SIMPLE_RADIAL 1920 1080 3882.7467371239759 960 540 -0.036903542422980939
9 SIMPLE_RADIAL 1920 1080 3886.508151843414 960 540 -0.028633927664060907
10 SIMPLE_RADIAL 1920 1080 3864.8278260789994 960 540 -0.05325845483294625
11 SIMPLE_RADIAL 1920 1080 3868.2210340964234 960 540 -0.041141601470217351
12 SIMPLE_RADIAL 1920 1080 3872.6930687276122 960 540 -0.024736258398136448
13 SIMPLE_RADIAL 1920 1080 3882.8216733253917 960 540 -0.021555034187338555
14 SIMPLE_RADIAL 1920 1080 3887.2261288696627 960 540 -0.019994741064659535
15 SIMPLE_RADIAL 1920 1080 3888.7738260496399 960 540 -0.034031587289704082
16 SIMPLE_RADIAL 1920 1080 3906.4544422011204 960 540 -0.051771150931662416
17 SIMPLE_RADIAL 1920 1080 3906.3086264373665 960 540 -0.050586463711084662
18 SIMPLE_RADIAL 1920 1080 3906.1602298893708 960 540 -0.054130846895453895
19 SIMPLE_RADIAL 1920 1080 3898.5935861739472 960 540 -0.045949398172542066
20 SIMPLE_RADIAL 1920 1080 3895.316642019086 960 540 -0.04815554457315354
21 SIMPLE_RADIAL 1920 1080 3947.1046603829905 960 540 -0.054600469597854244
22 SIMPLE_RADIAL 1920 1080 3971.576058970642 960 540 -0.049731737181455578
23 SIMPLE_RADIAL 1920 1080 3986.2101157953898 960 540 -0.039021982284338487
24 SIMPLE_RADIAL 1920 1080 3991.394943926362 960 540 -0.042731261276384574
25 SIMPLE_RADIAL 1920 1080 3992.2838366639949 960 540 -0.025742308840817924
26 SIMPLE_RADIAL 1920 1080 3997.6126347329064 960 540 -0.034342208580942571
27 SIMPLE_RADIAL 1920 1080 3986.5169805178102 960 540 -0.05355155745030709
28 SIMPLE_RADIAL 1920 1080 3984.3894320921418 960 540 -0.076449962546297032
29 SIMPLE_RADIAL 1920 1080 3957.9291604008627 960 540 -0.088813766021728621
30 SIMPLE_RADIAL 1920 1080 3942.4633607662608 960 540 -0.093456887407712852
31 SIMPLE_RADIAL 1920 1080 3949.2599624348768 960 540 -0.10728407683327904
32 SIMPLE_RADIAL 1920 1080 3942.7921043135534 960 540 -0.10774311086919407
33 SIMPLE_RADIAL 1920 1080 3912.7552746039237 960 540 -0.081809073337522742
34 SIMPLE_RADIAL 1920 1080 3886.5453826491562 960 540 -0.051071969498658602
35 SIMPLE_RADIAL 1920 1080 3846.0256036442083 960 540 -0.02362962213959139
36 SIMPLE_RADIAL 1920 1080 3829.0873626435096 960 540 -0.022914726142472405
37 SIMPLE_RADIAL 1920 1080 3799.6298356516377 960 540 -0.0025270379024503078
38 SIMPLE_RADIAL 1920 1080 3764.4230115219884 960 540 0.011288865822148815
39 SIMPLE_RADIAL 1920 1080 3822.9663758150923 960 540 0.030555125962058068
40 SIMPLE_RADIAL 1920 1080 3833.6437592393945 960 540 0.058836747019102756
41 SIMPLE_RADIAL 1920 1080 3842.1383572088621 960 540 0.074826521717840419
42 SIMPLE_RADIAL 1920 1080 3857.97545047218 960 540 0.055858278466325836
43 SIMPLE_RADIAL 1920 1080 3849.3812242294239 960 540 0.053646082862131711
44 SIMPLE_RADIAL 1920 1080 3808.3997387564582 960 540 0.077801768919964751
45 SIMPLE_RADIAL 1920 1080 3786.4417015075019 960 540 0.056472076205232369
46 SIMPLE_RADIAL 1920 1080 3788.8644153493001 960 540 0.061387483195101109
47 SIMPLE_RADIAL 1920 1080 3795.8258211820821 960 540 0.063610191435952729
48 SIMPLE_RADIAL 1920 1080 3801.1876758358317 960 540 0.055289473358562533
49 SIMPLE_RADIAL 1920 1080 3802.0022909144595 960 540 0.056005397579197751
50 SIMPLE_RADIAL 1920 1080 3825.3737263732696 960 540 0.057745874421447387
51 SIMPLE_RADIAL 1920 1080 3818.3051063163357 960 540 0.055648133204273038
52 SIMPLE_RADIAL 1920 1080 3817.2358679921435 960 540 0.025883864691782929
53 SIMPLE_RADIAL 1920 1080 3816.583286151917 960 540 0.00044170380479648097
54 SIMPLE_RADIAL 1920 1080 3801.2283349775657 960 540 -0.0053112832897205305
55 SIMPLE_RADIAL 1920 1080 3794.9041667575639 960 540 -0.028031785364361069
56 SIMPLE_RADIAL 1920 1080 3786.3754737871941 960 540 -0.047903488344065416
57 SIMPLE_RADIAL 1920 1080 3768.3946555422108 960 540 -0.032612981201332339
58 SIMPLE_RADIAL 1920 1080 3774.6112370578944 960 540 0.057225896147452944
59 SIMPLE_RADIAL 1920 1080 3802.086972424589 960 540 0.010976686729885639
60 SIMPLE_RADIAL 1920 1080 3795.0636730225906 960 540 0.018692872348878377
61 SIMPLE_RADIAL 1920 1080 3812.8815082544684 960 540 0.043306153502218982
62 SIMPLE_RADIAL 1920 1080 3817.6021854062906 960 540 -0.010459807070109132
63 SIMPLE_RADIAL 1920 1080 3822.4896470911235 960 540 -0.075013727285543869
64 SIMPLE_RADIAL 1920 1080 3810.7928728813135 960 540 -0.051112807721367941
65 SIMPLE_RADIAL 1920 1080 3790.3668716059929 960 540 0.039140424738661403
66 SIMPLE_RADIAL 1920 1080 3789.4941925037524 960 540 0.086595742103725504
67 SIMPLE_RADIAL 1920 1080 3789.4038491805013 960 540 0.088014963802968624
68 SIMPLE_RADIAL 1920 1080 3772.9197317908443 960 540 0.19008054273311206
69 SIMPLE_RADIAL 1920 1080 3719.3999297531186 960 540 0.14370496051949597
70 SIMPLE_RADIAL 1920 1080 3730.3650331766235 960 540 0.12709574803539284
71 SIMPLE_RADIAL 1920 1080 3739.2841294135083 960 540 0.11302274724181995
72 SIMPLE_RADIAL 1920 1080 3755.4642796938206 960 540 0.13047920078087735
73 SIMPLE_RADIAL 1920 1080 3770.0452713059171 960 540 0.14158539077922425
74 SIMPLE_RADIAL 1920 1080 3778.7320311587923 960 540 0.14841097960422373
75 SIMPLE_RADIAL 1920 1080 3789.2951210519818 960 540 0.14011819329288094
76 SIMPLE_RADIAL 1920 1080 3803.8606008590823 960 540 0.11361045051855156
77 SIMPLE_RADIAL 1920 1080 3801.4363478933001 960 540 0.079208064068055362
78 SIMPLE_RADIAL 1920 1080 3796.5678346988225 960 540 0.071330608030492904
79 SIMPLE_RADIAL 1920 1080 3797.7286289818467 960 540 0.05831130426341858
80 SIMPLE_RADIAL 1920 1080 3803.7181363622831 960 540 -0.00047096693170345209
81 SIMPLE_RADIAL 1920 1080 3797.7759294149664 960 540 -0.02239863067087958
82 SIMPLE_RADIAL 1920 1080 3759.3786822706838 960 540 0.0067566818025890426
83 SIMPLE_RADIAL 1920 1080 3758.3638216198774 960 540 -0.027837969774336179
84 SIMPLE_RADIAL 1920 1080 3750.7115495091971 960 540 -0.032722000679638666
85 SIMPLE_RADIAL 1920 1080 3747.4776236831526 960 540 -0.05948727659871561
86 SIMPLE_RADIAL 1920 1080 3761.9678871441774 960 540 -0.13356944939372925
87 SIMPLE_RADIAL 1920 1080 3747.476882492615 960 540 -0.13061057298968978
88 SIMPLE_RADIAL 1920 1080 3728.948288193802 960 540 -0.1090321104981597
89 SIMPLE_RADIAL 1920 1080 3717.268383349247 960 540 -0.14354385616886869
90 SIMPLE_RADIAL 1920 1080 3652.9823431978489 960 540 -0.050533207019903499
91 SIMPLE_RADIAL 1920 1080 3636.0852927735596 960 540 -0.057396815321580953
92 SIMPLE_RADIAL 1920 1080 3609.6452295699119 960 540 -0.14162749930895785
93 SIMPLE_RADIAL 1920 1080 3667.2830019774437 960 540 -0.083216847805258481
94 SIMPLE_RADIAL 1920 1080 3665.8515833127772 960 540 -0.063695098956752544
95 SIMPLE_RADIAL 1920 1080 3658.3545766982015 960 540 -0.11111776002318591
96 SIMPLE_RADIAL 1920 1080 3658.3156571131776 960 540 -0.10320120357044821
97 SIMPLE_RADIAL 1920 1080 3646.2628360094177 960 540 -0.0050549970097623128
98 SIMPLE_RADIAL 1920 1080 3738.7745222904377 960 540 0.074073109454787581
99 SIMPLE_RADIAL 1920 1080 3806.8027478044751 960 540 0.063597208736568198
100 SIMPLE_RADIAL 1920 1080 3695.4932814005606 960 540 0.16277543201354949
