0 0.15286458333333333 0.4805555555555555 0.018229166666666685 0.04999999999999999
0 0.446875 0.5967592592592592 0.021875000000000033 0.04166666666666663
0 0.465625 0.5768518518518518 0.021874999999999978 0.050000000000000044
0 0.56875 0.2226851851851852 0.022916666666666696 0.049074074074074076
0 0.6158854166666667 0.2777777777777778 0.020312500000000067 0.05185185185185187
0 0.6341145833333333 0.24212962962962964 0.020312500000000067 0.049074074074074076
0 0.675 0.7717592592592593 0.018749999999999933 0.03981481481481475
0 0.6947916666666667 0.875925925925926 0.01666666666666672 0.03888888888888886
0 0.70703125 0.3560185185185185 0.0234375 0.056481481481481466
0 0.7190104166666667 0.8430555555555556 0.020312499999999956 0.03981481481481475
