0 0.022656250000000003 0.5388888888888889 0.0171875 0.03518518518518521
0 0.16041666666666665 0.4666666666666667 0.01666666666666669 0.042592592592592626
0 0.48333333333333334 0.2439814814814815 0.018750000000000044 0.0490740740740741
0 0.5200520833333333 0.16944444444444445 0.017187500000000022 0.0425925925925926
0 0.5572916666666667 0.7189814814814814 0.01666666666666672 0.03981481481481486
0 0.5739583333333333 0.9699074074074074 0.018750000000000044 0.04351851851851851
0 0.5888020833333334 0.18472222222222223 0.021354166666666674 0.03611111111111112
0 0.58984375 0.08981481481481482 0.015104166666666696 0.035185185185185194
0 0.6020833333333333 0.7833333333333333 0.015625 0.03518518518518521
0 0.65546875 0.19305555555555554 0.017187500000000022 0.03796296296296295
