0 0.011979166666666666 0.5092592592592593 0.01875 0.04259259259259257
0 0.13854166666666667 0.3800925925925926 0.015625 0.03425925925925921
0 0.35520833333333335 0.1175925925925926 0.025000000000000022 0.05000000000000002
0 0.3651041666666667 0.9069444444444444 0.01874999999999999 0.03981481481481475
0 0.36692708333333335 0.9541666666666666 0.017187500000000022 0.030555555555555558
0 0.3848958333333333 0.1787037037037037 0.021874999999999978 0.03888888888888889
0 0.41875 0.1162037037037037 0.019791666666666652 0.04166666666666667
0 0.4265625 0.0962962962962963 0.021874999999999978 0.04629629629629631
0 0.51953125 0.061111111111111116 0.01822916666666674 0.03148148148148148
0 0.54765625 0.3833333333333333 0.01822916666666663 0.04259259259259257
0 0.8604166666666666 0.7958333333333334 0.018749999999999933 0.047222222222222165
