0 0.16302083333333334 0.9087962962962963 0.021875000000000006 0.045370370370370394
0 0.5184895833333334 0.6990740740740742 0.02447916666666672 0.0537037037037037
0 0.6489583333333333 0.6523148148148148 0.021874999999999978 0.03981481481481486
0 0.6575520833333333 0.6430555555555555 0.026562499999999933 0.0527777777777777
0 0.6638020833333333 0.6351851851851852 0.017187500000000022 0.050000000000000044
0 0.6684895833333333 0.15833333333333333 0.0234375 0.05555555555555555
0 0.6817708333333333 0.7537037037037038 0.016666666666666607 0.04629629629629639
0 0.69609375 0.4078703703703703 0.020312500000000067 0.06759259259259259
0 0.6979166666666667 0.7851851851851852 0.01666666666666672 0.042592592592592626
0 0.70625 0.7166666666666667 0.018749999999999933 0.04629629629629628
0 0.7158854166666666 0.3851851851851852 0.020312500000000067 0.062962962962963
0 0.7489583333333333 0.3194444444444444 0.015625 0.046296296296296335
0 0.7671874999999999 0.3277777777777778 0.021874999999999978 0.04629629629629628
0 0.76953125 0.7050925925925926 0.01718749999999991 0.04166666666666674
0 0.7757812500000001 0.8305555555555555 0.01822916666666663 0.03888888888888886
0 0.7776041666666667 0.7601851851851852 0.015625 0.03518518518518521
0 0.8059895833333333 0.3523148148148148 0.021354166666666674 0.036111111111111094
0 0.8471354166666667 0.9592592592592593 0.036979166666666674 0.02777777777777768
0 0.86640625 0.887962962962963 0.017187500000000022 0.03518518518518521
0 0.8916666666666666 0.38287037037037036 0.019791666666666763 0.04351851851851851
0 0.946875 0.6962962962962963 0.018750000000000044 0.05555555555555558
0 0.96875 0.43287037037037035 0.019791666666666652 0.0398148148148148
0 0.9768229166666667 0.39537037037037037 0.017187500000000022 0.042592592592592626
