0 0.011458333333333333 0.13935185185185187 0.01875 0.0638888888888889
0 0.2661458333333333 0.45185185185185184 0.01874999999999999 0.02777777777777779
0 0.4119791666666667 0.20833333333333331 0.021874999999999978 0.04629629629629631
0 0.4171875 0.6685185185185185 0.015625 0.042592592592592515
0 0.425 0.7032407407407407 0.027083333333333348 0.03981481481481475
0 0.42838541666666663 0.8703703703703703 0.018229166666666685 0.04629629629629628
0 0.49505208333333334 0.18148148148148147 0.021354166666666674 0.04629629629629631
0 0.5619791666666667 0.8824074074074074 0.015625 0.03518518518518521
0 0.60703125 0.43425925925925923 0.0234375 0.03888888888888892
0 0.61953125 0.13935185185185184 0.020312499999999956 0.045370370370370366
