0 0.030729166666666665 0.950462962962963 0.021875 0.03981481481481475
0 0.14036458333333335 0.2439814814814815 0.020312499999999983 0.03425925925925927
0 0.17161458333333335 0.31898148148148153 0.017187499999999994 0.03425925925925927
0 0.3572916666666667 0.44861111111111107 0.021874999999999978 0.032407407407407385
0 0.42109375000000004 0.23564814814814816 0.02031250000000001 0.04351851851851854
0 0.553125 0.07546296296296297 0.018750000000000044 0.04537037037037037
0 0.55859375 0.6842592592592593 0.020312499999999956 0.042592592592592626
0 0.559375 0.1486111111111111 0.019791666666666652 0.04907407407407406
0 0.5765625 0.21250000000000002 0.019791666666666652 0.049074074074074076
0 0.5882812500000001 0.7777777777777778 0.01822916666666663 0.050000000000000044
0 0.6114583333333333 0.7435185185185185 0.02187500000000009 0.05185185185185193
0 0.6783854166666667 0.7194444444444444 0.017187500000000022 0.042592592592592515
0 0.759375 0.9712962962962963 0.043749999999999956 0.03518518518518521
