0 0.26015625 0.44675925925925924 0.023437499999999972 0.04351851851851851
0 0.33697916666666666 0.20925925925925926 0.015625 0.0425925925925926
0 0.6411458333333333 0.6555555555555556 0.025000000000000022 0.050000000000000044
0 0.67265625 0.7527777777777778 0.017187500000000022 0.042592592592592515
0 0.6877604166666667 0.8027777777777778 0.020312499999999956 0.0537037037037037
0 0.7645833333333334 0.7638888888888888 0.01666666666666672 0.031481481481481555
0 0.7651041666666667 0.8189814814814815 0.015625 0.03425925925925932
0 0.8291666666666666 0.9638888888888888 0.022916666666666585 0.02777777777777779
0 0.87421875 0.39537037037037037 0.017187500000000022 0.03888888888888886
0 0.9265625 0.24907407407407406 0.018749999999999933 0.04629629629629628
