0 0.038802083333333334 0.09074074074074073 0.026562500000000003 0.06111111111111111
0 0.37421875000000004 0.4652777777777778 0.02031250000000001 0.045370370370370394
0 0.3783854166666667 0.41527777777777775 0.027604166666666707 0.03611111111111115
0 0.40364583333333337 0.8736111111111111 0.02291666666666664 0.04537037037037028
0 0.4473958333333333 0.15555555555555556 0.025000000000000022 0.03888888888888889
0 0.4625 0.1560185185185185 0.015625 0.03796296296296295
0 0.48828125 0.12268518518518517 0.017187500000000022 0.04166666666666667
0 0.53125 0.14583333333333331 0.016666666666666607 0.045370370370370366
0 0.6096354166666667 0.7606481481481482 0.017187500000000022 0.03981481481481486
0 0.62109375 0.4722222222222222 0.0234375 0.04259259259259257
0 0.6546875 0.09722222222222221 0.018750000000000044 0.046296296296296294
