0 0.0703125 0.5421296296296296 0.018749999999999996 0.05277777777777781
0 0.19661458333333331 0.23055555555555554 0.020312499999999983 0.04999999999999999
0 0.35911458333333335 0.6342592592592593 0.02031250000000001 0.04999999999999993
0 0.3734375 0.575 0.021875000000000033 0.042592592592592626
0 0.45677083333333335 0.28101851851851856 0.019791666666666652 0.0490740740740741
0 0.4979166666666667 0.2023148148148148 0.019791666666666652 0.037962962962962976
0 0.55546875 0.08148148148148149 0.0234375 0.031481481481481485
0 0.5791666666666666 0.2236111111111111 0.028125000000000067 0.056481481481481466
0 0.5815104166666667 0.3814814814814815 0.02447916666666672 0.042592592592592626
0 0.5885416666666667 0.9157407407407407 0.018749999999999933 0.04629629629629628
0 0.6122395833333334 0.8824074074074074 0.020312500000000067 0.04629629629629628
0 0.6466145833333334 0.5194444444444444 0.021354166666666674 0.03888888888888886
