0 0.00546875 0.44074074074074077 0.0109375 0.06666666666666671
0 0.00703125 0.8087962962962962 0.0140625 0.03240740740740733
0 0.046875 0.4263888888888889 0.018750000000000003 0.056481481481481466
0 0.05286458333333333 0.5842592592592593 0.027604166666666666 0.0537037037037037
0 0.3067708333333333 0.6074074074074074 0.016666666666666663 0.031481481481481444
0 0.4671875 0.14305555555555555 0.01874999999999999 0.04351851851851851
0 0.4822916666666667 0.2074074074074074 0.016666666666666663 0.02777777777777779
0 0.48802083333333335 0.1162037037037037 0.01874999999999999 0.04907407407407409
0 0.5216145833333333 0.18055555555555558 0.026562500000000044 0.05555555555555555
0 0.52734375 0.030092592592592594 0.0234375 0.05277777777777778
0 0.5388020833333333 0.23935185185185187 0.020312499999999956 0.049074074074074076
0 0.5450520833333333 0.7912037037037036 0.020312499999999956 0.03981481481481486
0 0.59453125 0.3324074074074074 0.02447916666666672 0.046296296296296335
0 0.6031249999999999 0.7013888888888888 0.021874999999999978 0.06018518518518523
0 0.6221354166666666 0.8074074074074074 0.020312500000000067 0.05185185185185193
0 0.6268229166666667 0.7106481481481481 0.020312499999999956 0.04907407407407405
0 0.8427083333333334 0.07222222222222223 0.018749999999999933 0.03518518518518519
