0 0.23541666666666666 0.027314814814814813 0.021875000000000006 0.04722222222222222
0 0.26145833333333335 0.08981481481481482 0.026041666666666657 0.046296296296296294
0 0.4005208333333333 0.3699074074074074 0.01874999999999999 0.04351851851851851
0 0.43098958333333337 0.14027777777777778 0.018229166666666685 0.03611111111111111
0 0.44427083333333334 0.03287037037037037 0.019791666666666652 0.03611111111111111
0 0.4822916666666667 0.13425925925925924 0.016666666666666663 0.04629629629629631
0 0.5567708333333333 0.7180555555555556 0.018750000000000044 0.037962962962962976
0 0.5791666666666666 0.45231481481481484 0.021874999999999978 0.03796296296296292
0 0.834375 0.9351851851851851 0.015625 0.0351851851851851
0 0.9458333333333333 0.9574074074074074 0.021874999999999978 0.05555555555555558
