0 0.015104166666666665 0.826851851851852 0.01875 0.06851851851851853
0 0.016406249999999997 0.13240740740740742 0.020312499999999997 0.0648148148148148
0 0.16510416666666666 0.4712962962962963 0.012500000000000011 0.03518518518518515
0 0.29765624999999996 0.44120370370370365 0.02031250000000001 0.04722222222222222
0 0.3755208333333333 0.1736111111111111 0.021875000000000033 0.0398148148148148
0 0.40390625 0.2449074074074074 0.024479166666666663 0.045370370370370394
0 0.42109375000000004 0.3226851851851852 0.02031250000000001 0.04166666666666663
0 0.42578125 0.1648148148148148 0.017187500000000022 0.03148148148148147
0 0.44427083333333334 0.18148148148148147 0.021874999999999978 0.04629629629629631
0 0.45390625 0.15046296296296297 0.017187500000000022 0.049074074074074076
0 0.48151041666666666 0.15740740740740738 0.01822916666666663 0.03888888888888889
0 0.55703125 0.1162037037037037 0.020312499999999956 0.0398148148148148
0 0.5802083333333333 0.46018518518518514 0.019791666666666652 0.04999999999999999
