0 0.0078125 0.5986111111111112 0.015625 0.0712962962962963
0 0.11015625 0.5384259259259259 0.015104166666666669 0.03425925925925932
0 0.16067708333333333 0.6689814814814814 0.017187500000000022 0.03981481481481486
0 0.22265625 0.9768518518518519 0.018229166666666685 0.031481481481481444
0 0.24114583333333334 0.9388888888888889 0.013541666666666674 0.03518518518518521
0 0.2515625 0.043055555555555555 0.016666666666666663 0.03611111111111111
0 0.38307291666666665 0.28564814814814815 0.02031250000000001 0.03981481481481486
0 0.42213541666666665 0.22685185185185186 0.02031250000000001 0.04629629629629631
0 0.43463541666666666 0.15555555555555556 0.020312499999999956 0.04259259259259257
0 0.4497395833333333 0.2361111111111111 0.02031250000000001 0.0425925925925926
0 0.48203125 0.1587962962962963 0.02031250000000001 0.04351851851851851
0 0.5026041666666666 0.19212962962962965 0.015624999999999944 0.049074074074074076
0 0.5208333333333334 0.14722222222222223 0.022916666666666696 0.046296296296296294
0 0.5932291666666667 0.7814814814814814 0.021874999999999978 0.0537037037037037
0 0.6002604166666667 0.7611111111111111 0.021354166666666674 0.062962962962963
0 0.6039062500000001 0.0912037037037037 0.01822916666666663 0.04166666666666666
0 0.6070312499999999 0.7296296296296296 0.01822916666666663 0.042592592592592515
0 0.7598958333333333 0.11527777777777778 0.018750000000000044 0.0324074074074074
