0 0.075 0.3976851851851852 0.02291666666666667 0.056481481481481466
0 0.13229166666666667 0.4546296296296296 0.015625 0.046296296296296335
0 0.47916666666666663 0.17592592592592593 0.02812500000000001 0.03518518518518518
0 0.5 0.10833333333333334 0.021875000000000033 0.05
0 0.5135416666666667 0.3106481481481481 0.015625 0.041666666666666685
0 0.56953125 0.12685185185185185 0.0234375 0.0537037037037037
0 0.6200520833333334 0.6828703703703703 0.017187500000000022 0.04907407407407405
0 0.6455729166666666 0.7921296296296296 0.01822916666666663 0.04166666666666674
0 0.6497395833333333 0.6967592592592593 0.01822916666666663 0.037962962962962976
0 0.6716145833333333 0.7523148148148149 0.021354166666666674 0.04166666666666663
0 0.7046874999999999 0.3648148148148148 0.025000000000000022 0.042592592592592626
0 0.7604166666666666 0.42453703703703705 0.022916666666666696 0.06388888888888888
