0 0.00703125 0.37222222222222223 0.0140625 0.04999999999999999
0 0.05755208333333333 0.43148148148148147 0.02135416666666666 0.04629629629629628
0 0.06067708333333333 0.412962962962963 0.020312499999999997 0.04629629629629628
0 0.060937500000000006 0.587037037037037 0.025 0.050000000000000044
0 0.4916666666666667 0.20972222222222223 0.019791666666666707 0.03425925925925927
0 0.4953125 0.12037037037037038 0.018749999999999933 0.05
0 0.5309895833333333 0.19305555555555554 0.024479166666666607 0.052777777777777785
0 0.5359375 0.03842592592592592 0.021874999999999978 0.05277777777777777
0 0.5466145833333333 0.24305555555555555 0.017187500000000022 0.0398148148148148
0 0.5565104166666666 0.1449074074074074 0.021354166666666674 0.04722222222222222
0 0.55859375 0.017592592592592594 0.01822916666666674 0.03518518518518519
0 0.6098958333333333 0.37592592592592594 0.021874999999999978 0.04629629629629628
0 0.61171875 0.7055555555555555 0.0234375 0.062962962962963
0 0.6302083333333334 0.8143518518518519 0.019791666666666652 0.037962962962962976
