0 0.075 0.9472222222222222 0.024999999999999994 0.04629629629629628
0 0.61796875 0.7782407407407408 0.01822916666666663 0.04907407407407416
0 0.6351562500000001 0.8287037037037037 0.017187500000000022 0.050000000000000044
0 0.6507812500000001 0.7444444444444445 0.017187500000000022 0.042592592592592626
0 0.6606770833333333 0.4111111111111111 0.020312499999999956 0.04629629629629628
0 0.6828125 0.4476851851851852 0.018749999999999933 0.04351851851851851
0 0.6947916666666667 0.7768518518518519 0.018750000000000044 0.03888888888888886
0 0.7091145833333333 0.16898148148148148 0.020312499999999956 0.05277777777777776
0 0.7984374999999999 0.9731481481481481 0.04062500000000002 0.031481481481481555
0 0.8369791666666666 0.8064814814814815 0.013541666666666674 0.03518518518518521
