0 0.1625 0.45972222222222225 0.015625 0.03796296296296292
0 0.234375 0.43194444444444446 0.019791666666666652 0.030555555555555558
0 0.3609375 0.33611111111111114 0.015625 0.04259259259259257
0 0.37421875000000004 0.18657407407407406 0.02031250000000001 0.045370370370370366
0 0.39947916666666666 0.25046296296296294 0.025000000000000022 0.045370370370370366
0 0.4203125 0.07407407407407407 0.021875000000000033 0.04259259259259259
0 0.42421875 0.17546296296296296 0.017187499999999967 0.0398148148148148
0 0.4354166666666667 0.24027777777777778 0.01874999999999999 0.0398148148148148
0 0.4447916666666667 0.19166666666666665 0.020833333333333315 0.04629629629629631
0 0.47968750000000004 0.17592592592592593 0.01874999999999999 0.0425925925925926
0 0.5380208333333334 0.7481481481481482 0.017708333333333326 0.042592592592592626
0 0.5518229166666666 0.12546296296296297 0.017187500000000022 0.03425925925925927
0 0.5828125 0.4759259259259259 0.018749999999999933 0.042592592592592626
