0 0.060156249999999994 0.5657407407407408 0.023437499999999993 0.050000000000000044
0 0.36692708333333335 0.49537037037037035 0.02656249999999999 0.05370370370370375
0 0.3859375 0.47407407407407404 0.025000000000000022 0.059259259259259234
0 0.4770833333333333 0.10648148148148148 0.019791666666666707 0.042592592592592585
0 0.50390625 0.08703703703703704 0.0234375 0.05185185185185185
0 0.5372395833333333 0.14953703703703702 0.026562500000000044 0.052777777777777785
0 0.55234375 0.21157407407407408 0.020312499999999956 0.03611111111111112
0 0.5630208333333333 0.11064814814814815 0.021874999999999978 0.052777777777777785
0 0.56484375 0.7773148148148148 0.020312499999999956 0.037962962962962976
0 0.6088541666666667 0.30787037037037035 0.021874999999999978 0.04537037037037034
0 0.6166666666666667 0.688425925925926 0.025000000000000022 0.0712962962962963
0 0.6359375 0.7981481481481482 0.019791666666666652 0.042592592592592515
0 0.64375 0.9601851851851853 0.01666666666666672 0.031481481481481555
0 0.65 0.7046296296296296 0.022916666666666696 0.04629629629629628
