0 0.03463541666666667 0.9398148148148149 0.015104166666666669 0.03888888888888886
0 0.062239583333333334 0.6425925925925926 0.0171875 0.03518518518518521
0 0.14192708333333331 0.4712962962962963 0.017187499999999994 0.04259259259259257
0 0.4515625 0.25462962962962965 0.01874999999999999 0.03888888888888889
0 0.48854166666666665 0.19305555555555554 0.019791666666666652 0.04166666666666666
0 0.5661458333333333 0.8245370370370371 0.016666666666666607 0.037962962962962976
0 0.59453125 0.17685185185185187 0.020312500000000067 0.027777777777777762
0 0.6138020833333333 0.7203703703703703 0.017187500000000022 0.03518518518518521
0 0.6776041666666667 0.47777777777777775 0.018750000000000044 0.03888888888888892
0 0.7359375 0.19583333333333333 0.019791666666666652 0.03425925925925927
0 0.846875 0.26296296296296295 0.018749999999999933 0.022222222222222254
0 0.8541666666666667 0.35462962962962963 0.018749999999999933 0.02777777777777779
0 0.9119791666666667 0.5226851851851853 0.018750000000000044 0.030555555555555558
0 0.9140625 0.6101851851851852 0.016666666666666607 0.02777777777777779
0 0.9270833333333333 0.06944444444444445 0.012500000000000067 0.03148148148148148
0 0.9369791666666667 0.5407407407407407 0.017708333333333326 0.024074074074074137
0 0.9442708333333334 0.8453703703703703 0.018749999999999933 0.03518518518518521
