0 0.05390625 0.9101851851851852 0.014062499999999999 0.031481481481481444
0 0.27239583333333334 0.5513888888888889 0.021874999999999978 0.04907407407407405
0 0.40104166666666663 0.12777777777777777 0.024999999999999967 0.05185185185185186
0 0.44375 0.039351851851851846 0.021875000000000033 0.045370370370370366
0 0.46614583333333337 0.30694444444444446 0.01874999999999999 0.0398148148148148
0 0.50859375 0.8231481481481482 0.023437499999999944 0.04629629629629628
0 0.5328125 0.7430555555555556 0.028124999999999956 0.0712962962962963
0 0.5458333333333334 0.2657407407407407 0.028125000000000067 0.05925925925925929
0 0.5861979166666667 0.11157407407407408 0.024479166666666607 0.04722222222222222
0 0.9671875 0.888425925925926 0.019791666666666652 0.03981481481481486
