0 0.011979166666666666 0.5574074074074074 0.015625 0.042592592592592626
0 0.1234375 0.08148148148148147 0.018750000000000003 0.04074074074074074
0 0.16666666666666669 0.0712962962962963 0.01979166666666668 0.038888888888888896
0 0.30130208333333336 0.4175925925925926 0.0234375 0.04999999999999999
0 0.30364583333333334 0.43287037037037035 0.019791666666666652 0.0398148148148148
0 0.3614583333333333 0.3324074074074074 0.015625 0.04259259259259257
0 0.37395833333333334 0.175 0.028124999999999956 0.04629629629629631
0 0.4044270833333333 0.250462962962963 0.021354166666666674 0.0398148148148148
0 0.4354166666666667 0.2375 0.021874999999999978 0.04722222222222225
0 0.4395833333333333 0.18333333333333335 0.01874999999999999 0.053703703703703726
0 0.47552083333333334 0.17222222222222222 0.018750000000000044 0.04629629629629628
0 0.5567708333333333 0.12083333333333333 0.016666666666666607 0.03611111111111112
0 0.5802083333333333 0.4648148148148148 0.02083333333333326 0.040740740740740744
