0 0.008854166666666666 0.6032407407407407 0.015625 0.0712962962962963
0 0.10416666666666667 0.537037037037037 0.014583333333333337 0.033333333333333326
0 0.15390625000000002 0.6680555555555556 0.017187499999999994 0.03981481481481486
0 0.2265625 0.9731481481481481 0.017708333333333326 0.031481481481481555
0 0.23489583333333333 0.9472222222222222 0.013541666666666674 0.03518518518518521
0 0.3861979166666667 0.29120370370370374 0.02031250000000001 0.0398148148148148
0 0.41536458333333337 0.2314814814814815 0.02031250000000001 0.04629629629629631
0 0.4341145833333333 0.15462962962962962 0.02031250000000001 0.0425925925925926
0 0.4486979166666667 0.24351851851851852 0.02031250000000001 0.042592592592592626
0 0.4796875 0.16157407407407406 0.019791666666666652 0.04351851851851851
0 0.5052083333333334 0.19027777777777777 0.015625000000000056 0.049074074074074076
0 0.5166666666666666 0.16203703703703703 0.022916666666666585 0.04629629629629628
0 0.590625 0.787962962962963 0.021874999999999978 0.0537037037037037
0 0.5934895833333333 0.7574074074074074 0.021354166666666674 0.06296296296296289
0 0.5994791666666666 0.7425925925925926 0.017708333333333326 0.042592592592592515
0 0.7520833333333333 0.11064814814814815 0.018750000000000044 0.03240740740740741
