0 0.16901041666666666 0.9064814814814814 0.024479166666666663 0.042592592592592626
0 0.6416666666666666 0.11481481481481481 0.019791666666666763 0.035185185185185194
0 0.6625000000000001 0.6592592592592592 0.021874999999999978 0.04629629629629639
0 0.6690104166666666 0.6509259259259259 0.029687499999999978 0.04629629629629628
0 0.6760416666666667 0.6393518518518518 0.019791666666666652 0.047222222222222276
0 0.6828125 0.1625 0.022916666666666585 0.056481481481481466
0 0.6934895833333333 0.6689814814814814 0.020312499999999956 0.045370370370370394
0 0.6953125 0.7592592592592593 0.016666666666666607 0.04629629629629628
0 0.69921875 0.8222222222222222 0.020312499999999956 0.03888888888888886
0 0.7895833333333333 0.7662037037037037 0.015625 0.028703703703703676
0 0.8166666666666667 0.3564814814814815 0.021874999999999978 0.04259259259259257
0 0.8669270833333333 0.9703703703703703 0.0390625 0.03518518518518521
0 0.8734375 0.8939814814814815 0.018750000000000044 0.03425925925925921
0 0.9044270833333333 0.3930555555555556 0.01718749999999991 0.0398148148148148
