0 0.20833333333333331 0.9287037037037037 0.021875000000000006 0.03518518518518521
0 0.66484375 0.03425925925925926 0.02447916666666672 0.05
0 0.6682291666666667 0.1138888888888889 0.018750000000000044 0.046296296296296294
0 0.675 0.6537037037037037 0.022916666666666585 0.0537037037037037
0 0.6841145833333333 0.18194444444444446 0.0234375 0.056481481481481494
0 0.7864583333333333 0.33611111111111114 0.018749999999999933 0.04259259259259257
0 0.80078125 0.8328703703703704 0.020312499999999956 0.037962962962962976
0 0.8596354166666667 0.9662037037037037 0.024479166666666607 0.030555555555555558
0 0.8666666666666667 0.9662037037037037 0.03541666666666665 0.03240740740740744
0 0.8875 0.887962962962963 0.018749999999999933 0.03518518518518521
0 0.9075520833333333 0.39166666666666666 0.021354166666666674 0.051851851851851816
0 0.9895833333333333 0.7722222222222221 0.014583333333333282 0.02777777777777779
