0 0.01015625 0.7291666666666667 0.015104166666666667 0.047222222222222165
0 0.06302083333333333 0.13796296296296295 0.01875000000000001 0.05555555555555555
0 0.2955729166666667 0.6212962962962962 0.0234375 0.04999999999999993
0 0.40078125 0.8231481481481482 0.02031250000000001 0.04999999999999993
0 0.4265625 0.2111111111111111 0.021874999999999978 0.05185185185185187
0 0.43671875 0.787037037037037 0.029687499999999978 0.04629629629629639
0 0.46979166666666666 0.09907407407407406 0.018750000000000044 0.05185185185185186
0 0.49296874999999996 0.8217592592592593 0.018229166666666685 0.04907407407407405
0 0.49453125 0.2162037037037037 0.0234375 0.056481481481481466
0 0.5239583333333333 0.9152777777777779 0.02083333333333337 0.036111111111111094
0 0.5283854166666666 0.06435185185185185 0.020312500000000067 0.03425925925925927
0 0.5453125 0.8421296296296297 0.018750000000000044 0.037962962962962976
0 0.55546875 0.7981481481481482 0.020312500000000067 0.05740740740740735
0 0.6416666666666666 0.46898148148148144 0.025000000000000022 0.0398148148148148
0 0.8375 0.6351851851851852 0.018750000000000044 0.05370370370370381
