0 0.06901041666666666 0.33055555555555555 0.02135416666666666 0.05555555555555558
0 0.11666666666666667 0.5277777777777778 0.018750000000000003 0.050000000000000044
0 0.37916666666666665 0.46805555555555556 0.02291666666666664 0.04907407407407405
0 0.50625 0.10231481481481482 0.01874999999999999 0.04351851851851851
0 0.5479166666666666 0.022222222222222223 0.019791666666666763 0.03518518518518519
0 0.5692708333333334 0.12453703703703704 0.021874999999999978 0.03611111111111112
0 0.5934895833333333 0.35694444444444445 0.021354166666666674 0.045370370370370394
0 0.6229166666666667 0.4740740740740741 0.016666666666666607 0.04629629629629628
0 0.6273437500000001 0.8171296296296295 0.017187500000000022 0.030555555555555558
0 0.6747395833333334 0.10324074074074074 0.020312500000000067 0.04351851851851851
0 0.6893229166666667 0.3597222222222222 0.0234375 0.045370370370370394
0 0.9802083333333333 0.8342592592592593 0.018750000000000044 0.042592592592592515
