0 0.0049479166666666664 0.32361111111111107 0.009895833333333333 0.05277777777777776
0 0.12057291666666667 0.763425925925926 0.01718750000000001 0.04351851851851851
0 0.13177083333333334 0.45092592592592595 0.019791666666666666 0.046296296296296335
0 0.428125 0.5722222222222222 0.021875000000000033 0.03888888888888886
0 0.46484375 0.5037037037037038 0.026562500000000044 0.062962962962963
0 0.5536458333333334 0.20416666666666666 0.021874999999999978 0.049074074074074076
0 0.5885416666666666 0.7560185185185185 0.019791666666666652 0.04351851851851851
0 0.59921875 0.6680555555555556 0.020312499999999956 0.0527777777777777
0 0.7205729166666666 0.20092592592592592 0.021354166666666674 0.04629629629629628
0 0.73984375 0.46296296296296297 0.026562500000000044 0.04629629629629628
0 0.9916666666666667 0.8726851851851852 0.015625 0.06388888888888888
