0 0.0640625 0.5504629629629629 0.01770833333333334 0.04166666666666663
0 0.39921875 0.33287037037037037 0.017187500000000022 0.045370370370370394
0 0.40234375 0.25555555555555554 0.017187500000000022 0.03888888888888892
0 0.41041666666666665 0.17175925925925928 0.026041666666666685 0.03611111111111112
0 0.44635416666666666 0.2564814814814815 0.03125 0.04629629629629628
0 0.4510416666666667 0.3439814814814815 0.01874999999999999 0.036111111111111094
0 0.4765625 0.17824074074074076 0.025000000000000022 0.04722222222222225
0 0.5135416666666667 0.18333333333333335 0.02083333333333326 0.03703703703703706
0 0.5708333333333333 0.6203703703703703 0.02083333333333337 0.050000000000000044
0 0.5778645833333333 0.3226851851851852 0.01822916666666674 0.03425925925925921
0 0.5958333333333333 0.11944444444444444 0.018750000000000044 0.035185185185185194
0 0.6276041666666667 0.4712962962962963 0.021874999999999978 0.046296296296296335
0 0.8822916666666667 0.4814814814814815 0.021874999999999978 0.046296296296296335
