0 0.022656249999999996 0.773611111111111 0.026562499999999996 0.056481481481481466
0 0.07734374999999999 0.5296296296296297 0.020312499999999997 0.0537037037037037
0 0.12864583333333335 0.7287037037037036 0.018750000000000003 0.03888888888888886
0 0.46119791666666665 0.2685185185185185 0.02031250000000001 0.04999999999999999
0 0.5036458333333333 0.1925925925925926 0.015625 0.03888888888888889
0 0.50390625 0.3814814814814815 0.029687500000000033 0.059259259259259234
0 0.584375 0.2189814814814815 0.028124999999999956 0.056481481481481494
0 0.5903645833333333 0.9175925925925925 0.01822916666666663 0.042592592592592626
0 0.5955729166666667 0.8231481481481482 0.020312499999999956 0.04629629629629628
0 0.6197916666666667 0.8819444444444444 0.021874999999999978 0.04907407407407405
