0 0.58359375 0.19212962962962965 0.0234375 0.045370370370370366
0 0.6091145833333333 0.16574074074074074 0.020312499999999956 0.05185185185185187
0 0.7278645833333333 0.08888888888888888 0.020312500000000067 0.05185185185185186
0 0.7278645833333334 0.6597222222222222 0.0234375 0.03981481481481475
0 0.7455729166666667 0.15833333333333333 0.021354166666666674 0.05185185185185184
0 0.7466145833333333 0.5337962962962963 0.020312499999999956 0.03981481481481486
0 0.7604166666666667 0.7606481481481482 0.01666666666666672 0.04907407407407405
0 0.7848958333333333 0.7240740740740741 0.021874999999999978 0.03888888888888886
0 0.7885416666666667 0.24074074074074076 0.03229166666666672 0.053703703703703726
0 0.803125 0.7087962962962964 0.018750000000000044 0.047222222222222165
0 0.8247395833333333 0.4189814814814815 0.01822916666666663 0.04351851851851857
