0 0.006510416666666667 0.31851851851851853 0.013020833333333334 0.05740740740740741
0 0.04921875 0.5203703703703704 0.026562500000000003 0.051851851851851816
0 0.05 0.3731481481481481 0.019791666666666666 0.046296296296296335
0 0.08723958333333334 0.775 0.01718750000000001 0.031481481481481444
0 0.3234375 0.46805555555555556 0.021874999999999978 0.04166666666666663
0 0.44479166666666664 0.17638888888888887 0.03125 0.049074074074074076
0 0.45 0.10277777777777777 0.019791666666666652 0.04629629629629628
0 0.49348958333333337 0.23194444444444445 0.02031250000000001 0.056481481481481494
0 0.5106770833333333 0.12824074074074074 0.023437499999999944 0.04351851851851851
0 0.515625 0.9555555555555555 0.015625 0.0351851851851851
0 0.6166666666666667 0.11481481481481481 0.021874999999999978 0.0388888888888889
0 0.6260416666666666 0.3680555555555556 0.021874999999999978 0.03796296296296292
