0 0.04088541666666667 0.6587962962962963 0.017187499999999994 0.03240740740740744
0 0.05572916666666666 0.24166666666666667 0.019791666666666673 0.05740740740740741
0 0.18333333333333335 0.8587962962962963 0.018750000000000017 0.037962962962962976
0 0.1890625 0.9277777777777778 0.01874999999999999 0.03518518518518521
0 0.36614583333333334 0.21574074074074073 0.015625 0.04629629629629631
0 0.6697916666666667 0.03888888888888889 0.028124999999999956 0.05740740740740741
0 0.6776041666666667 0.6601851851851852 0.02499999999999991 0.061111111111111116
0 0.68203125 0.6467592592592593 0.020312499999999956 0.04907407407407405
0 0.6833333333333333 0.17916666666666667 0.021874999999999978 0.045370370370370394
0 0.6893229166666667 0.07500000000000001 0.020312499999999956 0.05185185185185186
0 0.7018229166666666 0.7611111111111111 0.015104166666666696 0.04629629629629628
0 0.715625 0.7925925925925926 0.018749999999999933 0.04629629629629628
0 0.7333333333333333 0.3925925925925926 0.015625 0.04629629629629628
0 0.8208333333333333 0.6981481481481482 0.018750000000000044 0.042592592592592626
0 0.8315104166666667 0.7236111111111111 0.014062499999999978 0.03240740740740744
0 0.8348958333333333 0.7305555555555556 0.015625 0.031481481481481555
0 0.8687499999999999 0.9680555555555556 0.03749999999999998 0.028703703703703676
0 0.9080729166666667 0.3930555555555556 0.01718749999999991 0.04722222222222222
