0 0.013802083333333333 0.7097222222222223 0.0203125 0.04907407407407405
0 0.014322916666666668 0.5583333333333333 0.021354166666666667 0.0537037037037037
0 0.3145833333333333 0.6287037037037038 0.025000000000000022 0.04629629629629639
0 0.4161458333333333 0.8236111111111111 0.022916666666666696 0.04907407407407405
0 0.4484375 0.199537037037037 0.021874999999999978 0.052777777777777785
0 0.4927083333333333 0.1111111111111111 0.02291666666666664 0.04999999999999999
0 0.50078125 0.350462962962963 0.02447916666666672 0.07685185185185184
0 0.5153645833333333 0.22916666666666669 0.021354166666666674 0.056481481481481494
0 0.5471354166666667 0.0699074074074074 0.021354166666666674 0.03796296296296297
0 0.57265625 0.8162037037037037 0.026562500000000044 0.06388888888888888
0 0.6346354166666667 0.11342592592592593 0.020312499999999956 0.0324074074074074
0 0.6348958333333333 0.18935185185185185 0.02499999999999991 0.05277777777777776
0 0.65859375 0.4824074074074074 0.0234375 0.03518518518518521
0 0.8572916666666667 0.8125 0.022916666666666696 0.037962962962962976
0 0.9609375 0.6087962962962963 0.018750000000000044 0.03981481481481475
