0 0.01614583333333333 0.5518518518518518 0.019791666666666666 0.03888888888888886
0 0.07421875 0.6398148148148148 0.018229166666666657 0.031481481481481444
0 0.14427083333333332 0.4824074074074074 0.015625 0.042592592592592515
0 0.19635416666666666 0.3560185185185185 0.019791666666666652 0.0398148148148148
0 0.25911458333333337 0.18287037037037035 0.02031250000000001 0.056481481481481494
0 0.3442708333333333 0.6523148148148148 0.024999999999999967 0.04907407407407405
0 0.4671875 0.2583333333333333 0.02291666666666664 0.03518518518518518
0 0.5036458333333333 0.1824074074074074 0.019791666666666652 0.03888888888888889
0 0.5432291666666667 0.08842592592592594 0.028124999999999956 0.03425925925925925
0 0.5497395833333334 0.2796296296296297 0.020312500000000067 0.0314814814814815
0 0.5640625 0.11018518518518519 0.016666666666666607 0.038888888888888876
0 0.6716145833333333 0.9333333333333333 0.017187500000000022 0.03518518518518521
0 0.9565104166666667 0.8462962962962963 0.020312499999999956 0.050000000000000044
