0 0.010416666666666666 0.1439814814814815 0.01875 0.0638888888888889
0 0.2635416666666667 0.44814814814814813 0.01874999999999999 0.02777777777777779
0 0.4140625 0.6685185185185185 0.015625 0.042592592592592515
0 0.41484375 0.20833333333333331 0.021354166666666674 0.04629629629629631
0 0.42265625 0.7087962962962964 0.027604166666666652 0.03981481481481486
0 0.42838541666666663 0.8722222222222222 0.018229166666666685 0.04629629629629628
0 0.49609375 0.19444444444444445 0.02135416666666662 0.04629629629629628
0 0.5598958333333334 0.8953703703703704 0.015625 0.03518518518518521
0 0.5716145833333333 0.8060185185185185 0.01822916666666663 0.03425925925925932
0 0.60859375 0.44074074074074077 0.0234375 0.03888888888888892
0 0.6205729166666667 0.14583333333333331 0.020312499999999956 0.045370370370370366
