0 0.05625 0.24305555555555558 0.019791666666666666 0.049074074074074076
0 0.21041666666666664 0.9407407407407407 0.02291666666666667 0.03888888888888886
0 0.6671875 0.037037037037037035 0.025000000000000022 0.046296296296296294
0 0.6677083333333333 0.10740740740740741 0.019791666666666652 0.0425925925925926
0 0.6739583333333333 0.6601851851851852 0.02499999999999991 0.05555555555555558
0 0.6802083333333333 0.2842592592592592 0.02604166666666663 0.05740740740740741
0 0.6809895833333334 0.1787037037037037 0.027604166666666652 0.0537037037037037
0 0.6817708333333333 0.6453703703703704 0.019791666666666652 0.050000000000000044
0 0.7307291666666667 0.3912037037037037 0.015625 0.04722222222222222
0 0.7601562500000001 0.9171296296296296 0.017187500000000022 0.04166666666666674
0 0.7708333333333333 0.32731481481481484 0.028125000000000067 0.05648148148148152
0 0.7822916666666666 0.3319444444444445 0.022916666666666585 0.060185185185185175
0 0.8348958333333333 0.7305555555555556 0.015625 0.031481481481481555
0 0.86796875 0.9634259259259259 0.04010416666666672 0.028703703703703676
0 0.90703125 0.3912037037037037 0.017187500000000022 0.04722222222222222
