0 0.013541666666666667 0.6981481481481482 0.011458333333333334 0.06666666666666665
0 0.1515625 0.46898148148148144 0.015625 0.032407407407407385
0 0.16015625 0.07453703703703704 0.02031250000000001 0.03796296296296296
0 0.23177083333333331 0.4273148148148148 0.021875000000000006 0.036111111111111094
0 0.28645833333333337 0.40694444444444444 0.026041666666666685 0.06388888888888888
0 0.3494791666666667 0.3398148148148148 0.01874999999999999 0.046296296296296335
0 0.3625 0.1837962962962963 0.025000000000000022 0.037962962962962976
0 0.3927083333333333 0.2625 0.021874999999999978 0.04351851851851854
0 0.42421875 0.24583333333333332 0.017187499999999967 0.0398148148148148
0 0.43385416666666665 0.1925925925925926 0.01874999999999999 0.04999999999999999
0 0.440625 0.16574074074074074 0.015625 0.04999999999999999
0 0.47109375 0.18148148148148147 0.021354166666666674 0.05185185185185184
0 0.5458333333333334 0.7462962962962962 0.01666666666666672 0.033333333333333326
0 0.55234375 0.13194444444444445 0.020312499999999956 0.03611111111111111
