0 0.16223958333333333 0.07222222222222223 0.018229166666666657 0.03518518518518519
0 0.22916666666666666 0.019444444444444445 0.016666666666666663 0.031481481481481485
0 0.3416666666666667 0.4203703703703704 0.015625 0.03888888888888892
0 0.35208333333333336 0.3402777777777778 0.015625 0.041666666666666685
0 0.36822916666666666 0.18425925925925926 0.021874999999999978 0.03518518518518521
0 0.39947916666666666 0.2638888888888889 0.021874999999999978 0.04999999999999996
0 0.4 0.08148148148148147 0.021875000000000033 0.04259259259259259
0 0.41093749999999996 0.3402777777777778 0.016666666666666663 0.03425925925925927
0 0.4197916666666667 0.07777777777777778 0.019791666666666652 0.0462962962962963
0 0.42942708333333335 0.23981481481481481 0.02031250000000001 0.0425925925925926
0 0.4369791666666667 0.19444444444444442 0.01874999999999999 0.0425925925925926
0 0.44557291666666665 0.1662037037037037 0.014062499999999978 0.045370370370370366
0 0.47395833333333337 0.17962962962962964 0.01874999999999999 0.04629629629629631
0 0.5286458333333333 0.6064814814814814 0.018749999999999933 0.042592592592592626
0 0.5328125 0.7666666666666666 0.019791666666666652 0.03888888888888886
0 0.5494791666666667 0.13194444444444445 0.018749999999999933 0.03611111111111111
0 0.5841145833333333 0.33564814814814814 0.01718749999999991 0.036111111111111094
0 0.9760416666666667 0.4773148148148148 0.021874999999999978 0.036111111111111094
