0 0.18229166666666669 0.9212962962962963 0.018750000000000017 0.031481481481481444
0 0.6578125 0.04027777777777777 0.028124999999999956 0.049074074074074076
0 0.690625 0.7606481481481482 0.01666666666666672 0.04907407407407405
0 0.7546875 0.3402777777777778 0.01666666666666672 0.037962962962962976
0 0.7877604166666667 0.7643518518518518 0.020312500000000067 0.037962962962962976
0 0.78828125 0.8310185185185185 0.015104166666666585 0.03425925925925921
0 0.8221354166666667 0.7296296296296296 0.01718749999999991 0.031481481481481444
0 0.84765625 0.962962962962963 0.0234375 0.02777777777777779
0 0.8565104166666666 0.9662037037037037 0.04010416666666672 0.028703703703703676
0 0.8794270833333333 0.8921296296296296 0.017187500000000022 0.037962962962962976
0 0.8958333333333334 0.39675925925925926 0.019791666666666652 0.04351851851851851
0 0.9768229166666667 0.7824074074074074 0.014062499999999978 0.031481481481481444
