0 0.15833333333333333 0.4708333333333333 0.016666666666666663 0.036111111111111094
0 0.35078125 0.3277777777777778 0.017187500000000022 0.05555555555555558
0 0.3671875 0.18055555555555555 0.025000000000000022 0.04629629629629628
0 0.390625 0.3925925925925926 0.01666666666666672 0.03888888888888886
0 0.3989583333333333 0.25555555555555554 0.024999999999999967 0.05185185185185187
0 0.4125 0.3384259259259259 0.021875000000000033 0.037962962962962976
0 0.41874999999999996 0.27546296296296297 0.01874999999999999 0.03981481481481486
0 0.42057291666666663 0.2916666666666667 0.017187499999999967 0.0537037037037037
0 0.42161458333333335 0.06759259259259259 0.017187500000000022 0.0462962962962963
0 0.43098958333333337 0.23472222222222222 0.018229166666666685 0.04166666666666666
0 0.43671875000000004 0.18148148148148147 0.018229166666666685 0.04629629629629631
0 0.446875 0.15462962962962962 0.015625 0.03888888888888889
0 0.5239583333333333 0.6893518518518519 0.018750000000000044 0.03425925925925921
0 0.5291666666666667 0.788888888888889 0.015625 0.042592592592592626
0 0.54765625 0.7351851851851852 0.017187500000000022 0.03888888888888886
0 0.5523437499999999 0.11527777777777778 0.017187500000000022 0.037962962962962976
0 0.5833333333333333 0.4814814814814815 0.018749999999999933 0.04259259259259257
0 0.60234375 0.44537037037037036 0.017187500000000022 0.03518518518518521
