0 0.0328125 0.8384259259259259 0.028125 0.04166666666666674
0 0.034375 0.7578703703703704 0.021875 0.056481481481481466
0 0.17604166666666665 0.40925925925925927 0.01666666666666669 0.042592592592592626
0 0.20989583333333334 0.3611111111111111 0.015625 0.042592592592592626
0 0.24973958333333332 0.28240740740740744 0.01510416666666664 0.04259259259259257
0 0.37083333333333335 0.45416666666666666 0.01874999999999999 0.03981481481481486
0 0.4135416666666667 0.39768518518518514 0.016666666666666663 0.041666666666666685
0 0.41484374999999996 0.30324074074074076 0.024479166666666663 0.037962962962962976
0 0.66484375 0.05740740740740741 0.020312500000000067 0.0462962962962963
0 0.7122395833333334 0.14074074074074072 0.0234375 0.05185185185185184
0 0.8731770833333333 0.5402777777777777 0.01718749999999991 0.037962962962962976
