0 0.040625 0.2861111111111111 0.01979166666666667 0.06481481481481483
0 0.07578125 0.5041666666666667 0.020312499999999997 0.05277777777777776
0 0.12838541666666667 0.7037037037037037 0.01822916666666667 0.04444444444444451
0 0.3690104166666667 0.6111111111111112 0.0234375 0.05555555555555547
0 0.4447916666666667 0.8083333333333333 0.02291666666666664 0.042592592592592515
0 0.46796875000000004 0.24583333333333335 0.02031250000000001 0.049074074074074076
0 0.5111979166666667 0.1638888888888889 0.017187500000000022 0.03518518518518521
0 0.596875 0.07777777777777778 0.025000000000000022 0.0462962962962963
0 0.6317708333333334 0.8717592592592593 0.021874999999999978 0.045370370370370394
0 0.6619791666666667 0.4986111111111111 0.02187500000000009 0.04351851851851851
0 0.8307291666666667 0.6574074074074074 0.025000000000000022 0.042592592592592626
0 0.9541666666666666 0.2212962962962963 0.022916666666666585 0.04629629629629628
