0 0.0671875 0.31666666666666665 0.021875 0.05555555555555558
0 0.109375 0.5324074074074074 0.01874999999999999 0.050000000000000044
0 0.3744791666666667 0.45787037037037037 0.02291666666666664 0.04907407407407405
0 0.4994791666666667 0.10416666666666666 0.018750000000000044 0.04351851851851851
0 0.5364583333333334 0.02592592592592593 0.019791666666666652 0.03518518518518519
0 0.5609375000000001 0.12546296296296297 0.021874999999999978 0.03611111111111111
0 0.5877604166666666 0.36157407407407405 0.021354166666666674 0.04537037037037034
0 0.6125 0.4740740740740741 0.01666666666666672 0.04629629629629628
0 0.6205729166666667 0.8125 0.017187500000000022 0.030555555555555447
0 0.6653645833333333 0.10972222222222222 0.020312500000000067 0.04351851851851851
0 0.6841145833333333 0.350462962962963 0.0234375 0.045370370370370394
0 0.9666666666666667 0.8342592592592593 0.018750000000000044 0.042592592592592515
