0 0.015104166666666665 0.4851851851851852 0.015624999999999998 0.042592592592592626
0 0.015364583333333334 0.8870370370370371 0.0234375 0.0537037037037037
0 0.025520833333333333 0.7268518518518519 0.019791666666666666 0.06481481481481488
0 0.20156249999999998 0.40740740740740744 0.021875000000000006 0.04999999999999999
0 0.23984375000000002 0.08055555555555555 0.023437500000000028 0.042592592592592585
0 0.52265625 0.5393518518518519 0.0234375 0.047222222222222276
0 0.6747395833333334 0.16898148148148148 0.017187500000000022 0.045370370370370394
0 0.70546875 0.08935185185185185 0.020312499999999956 0.04351851851851851
0 0.7119791666666666 0.05601851851851852 0.023958333333333415 0.041666666666666664
0 0.721875 0.2833333333333333 0.018749999999999933 0.0537037037037037
0 0.725 0.19814814814814816 0.016666666666666607 0.037037037037037035
0 0.74140625 0.2601851851851852 0.01822916666666663 0.0425925925925926
0 0.7864583333333333 0.36435185185185187 0.025000000000000022 0.04351851851851851
0 0.8192708333333333 0.7564814814814815 0.015625 0.0351851851851851
