0 0.0078125 0.3597222222222222 0.015625 0.056481481481481466
0 0.05755208333333333 0.4212962962962963 0.020312499999999997 0.0537037037037037
0 0.37265625 0.5032407407407408 0.02656249999999999 0.047222222222222276
0 0.48359375000000004 0.12453703703703703 0.02031250000000001 0.04722222222222221
0 0.49687499999999996 0.18518518518518517 0.01874999999999999 0.03148148148148147
0 0.50625 0.09259259259259259 0.021875000000000033 0.05
0 0.5408854166666667 0.16435185185185186 0.027604166666666652 0.056481481481481494
0 0.5453125 0.01759259259259259 0.018750000000000044 0.03148148148148148
0 0.5559895833333333 0.21666666666666667 0.01822916666666663 0.03518518518518518
0 0.5666666666666667 0.11712962962962964 0.019791666666666652 0.05277777777777777
0 0.5692708333333334 0.7833333333333333 0.021874999999999978 0.03888888888888897
0 0.6135416666666667 0.312037037037037 0.019791666666666652 0.03518518518518515
0 0.6208333333333333 0.6935185185185185 0.025000000000000022 0.05740740740740735
0 0.6408854166666667 0.8009259259259259 0.017187500000000022 0.042592592592592515
0 0.6427083333333333 0.9624999999999999 0.019791666666666652 0.025000000000000022
0 0.6455729166666667 0.7064814814814815 0.0234375 0.050000000000000044
0 0.7028645833333333 0.37083333333333335 0.0234375 0.030555555555555558
