0 0.008072916666666667 0.40740740740740744 0.016145833333333335 0.07222222222222224
0 0.18098958333333334 0.49444444444444446 0.021354166666666674 0.05185185185185187
0 0.22838541666666667 0.687962962962963 0.02031250000000001 0.04629629629629628
0 0.23359375 0.5541666666666667 0.017187499999999994 0.047222222222222165
0 0.2677083333333333 0.5523148148148148 0.021874999999999978 0.05277777777777781
0 0.48125 0.5935185185185186 0.021874999999999978 0.04999999999999993
0 0.5661458333333333 0.29953703703703705 0.018750000000000044 0.028703703703703676
0 0.58671875 0.23379629629629628 0.0234375 0.052777777777777785
0 0.6296875 0.1560185185185185 0.019791666666666652 0.03611111111111112
0 0.6833333333333333 0.9564814814814815 0.018750000000000044 0.03888888888888897
0 0.7132812500000001 0.8967592592592593 0.01822916666666663 0.04166666666666674
0 0.7393229166666666 0.861574074074074 0.021354166666666674 0.04351851851851851
0 0.753125 0.21944444444444444 0.018749999999999933 0.04999999999999999
0 0.778125 0.49212962962962964 0.025000000000000022 0.03981481481481486
