0 0.2559895833333333 0.4560185185185185 0.0234375 0.04351851851851857
0 0.3265625 0.2046296296296296 0.015625 0.0425925925925926
0 0.6359375 0.6555555555555556 0.025000000000000022 0.050000000000000044
0 0.6658854166666667 0.7601851851851852 0.01718749999999991 0.042592592592592515
0 0.68046875 0.7972222222222223 0.020312500000000067 0.0537037037037037
0 0.75859375 0.8263888888888888 0.015104166666666585 0.03425925925925932
0 0.759375 0.7657407407407407 0.016666666666666607 0.031481481481481444
0 0.8229166666666666 0.961111111111111 0.022916666666666696 0.02777777777777779
0 0.8684895833333333 0.39444444444444443 0.017187500000000022 0.03888888888888886
0 0.921875 0.2449074074074074 0.018750000000000044 0.04722222222222225
