0 0.20989583333333334 0.9236111111111112 0.021875000000000006 0.037962962962962865
0 0.7153645833333333 0.5449074074074074 0.026562500000000044 0.04166666666666674
0 0.7192708333333333 0.662962962962963 0.025000000000000022 0.04629629629629628
0 0.7408854166666667 0.1587962962962963 0.02447916666666672 0.04722222222222222
0 0.8291666666666666 0.33055555555555555 0.018749999999999933 0.042592592592592626
0 0.83359375 0.7611111111111111 0.020312499999999956 0.031481481481481555
0 0.8341145833333333 0.8439814814814814 0.015104166666666696 0.04351851851851851
0 0.8645833333333333 0.35555555555555557 0.018749999999999933 0.03888888888888886
0 0.9252604166666667 0.9768518518518519 0.042187500000000044 0.03888888888888897
0 0.9541666666666666 0.35 0.021874999999999978 0.04259259259259257
0 0.9572916666666667 0.38796296296296295 0.016666666666666607 0.03888888888888886
