0 0.005729166666666666 0.9226851851851852 0.011458333333333333 0.037962962962962976
0 0.03723958333333333 0.2953703703703704 0.017187499999999998 0.04259259259259257
0 0.12786458333333334 0.5782407407407407 0.019270833333333348 0.04351851851851851
0 0.15911458333333334 0.5606481481481482 0.02031250000000001 0.04166666666666663
0 0.16484375 0.4217592592592593 0.017187499999999994 0.0398148148148148
0 0.22838541666666667 0.3861111111111111 0.021354166666666674 0.0537037037037037
0 0.28828125 0.23842592592592593 0.0234375 0.028703703703703703
0 0.3338541666666667 0.8402777777777778 0.01874999999999999 0.04351851851851851
0 0.56640625 0.6666666666666667 0.0234375 0.03888888888888886
0 0.5856770833333333 0.0699074074074074 0.0234375 0.05277777777777778
0 0.6796875 0.449537037037037 0.018750000000000044 0.04351851851851851
0 0.7322916666666667 0.750925925925926 0.019791666666666652 0.04999999999999993
0 0.7322916666666667 0.6537037037037037 0.015625 0.042592592592592626
0 0.7354166666666666 0.17685185185185184 0.02604166666666663 0.0537037037037037
0 0.7552083333333333 0.7143518518518519 0.018749999999999933 0.036111111111111094
0 0.7598958333333333 0.8731481481481481 0.012499999999999956 0.031481481481481444
0 0.775 0.8374999999999999 0.015625 0.04166666666666663
0 0.79296875 0.37824074074074077 0.01822916666666674 0.03611111111111115
