0 0.041406250000000006 0.6560185185185186 0.0171875 0.03240740740740744
0 0.057291666666666664 0.23981481481481481 0.019791666666666666 0.057407407407407435
0 0.18229166666666669 0.8560185185185185 0.018750000000000017 0.037962962962962976
0 0.18958333333333333 0.925 0.01874999999999999 0.0351851851851851
0 0.36666666666666664 0.21203703703703702 0.015625 0.04629629629629631
0 0.6677083333333333 0.04166666666666667 0.028124999999999956 0.057407407407407414
0 0.6739583333333333 0.662962962962963 0.02499999999999991 0.061111111111111116
0 0.6833333333333333 0.1837962962962963 0.021874999999999978 0.045370370370370366
0 0.6846354166666666 0.6523148148148148 0.020312500000000067 0.04907407407407405
0 0.6888020833333333 0.06759259259259259 0.020312500000000067 0.05185185185185185
0 0.6997395833333333 0.7657407407407407 0.015104166666666696 0.04629629629629628
0 0.715625 0.7916666666666666 0.018749999999999933 0.04629629629629628
0 0.7307291666666667 0.38796296296296295 0.015625 0.04629629629629628
0 0.8229166666666667 0.7018518518518518 0.018749999999999933 0.042592592592592515
0 0.8309895833333334 0.725 0.014062499999999978 0.031481481481481444
0 0.8348958333333333 0.7277777777777777 0.015625 0.031481481481481444
0 0.8708333333333333 0.9680555555555556 0.03749999999999998 0.028703703703703676
0 0.90703125 0.3949074074074074 0.017187500000000022 0.04722222222222222
