0 0.15911458333333334 0.07592592592592592 0.018229166666666685 0.03518518518518518
0 0.22161458333333334 0.01851851851851852 0.017187499999999994 0.031481481481481485
0 0.34270833333333334 0.4277777777777778 0.015625 0.03888888888888892
0 0.35104166666666664 0.3402777777777778 0.015625 0.041666666666666685
0 0.3666666666666667 0.18703703703703706 0.021875000000000033 0.03518518518518518
0 0.3963541666666667 0.08148148148148147 0.021874999999999978 0.04259259259259259
0 0.3979166666666667 0.2601851851851852 0.021875000000000033 0.05000000000000002
0 0.40989583333333335 0.3421296296296297 0.016666666666666663 0.03425925925925927
0 0.4171875 0.07870370370370369 0.019791666666666652 0.046296296296296294
0 0.42734375 0.24537037037037035 0.02031250000000001 0.0425925925925926
0 0.4354166666666667 0.19722222222222224 0.01874999999999999 0.0425925925925926
0 0.44453125 0.16805555555555557 0.014062499999999978 0.045370370370370366
0 0.4708333333333333 0.18055555555555555 0.01874999999999999 0.04629629629629628
0 0.5276041666666667 0.612037037037037 0.018750000000000044 0.042592592592592515
0 0.5346354166666667 0.7694444444444444 0.020312499999999956 0.03888888888888886
0 0.5479166666666666 0.12916666666666665 0.018749999999999933 0.03611111111111112
0 0.5841145833333333 0.3365740740740741 0.01718749999999991 0.036111111111111094
0 0.9796875 0.47175925925925927 0.021874999999999978 0.036111111111111094
