0 0.08255208333333333 0.9060185185185186 0.021354166666666674 0.03425925925925932
0 0.34114583333333337 0.5453703703703704 0.024999999999999967 0.050000000000000044
0 0.45208333333333334 0.1564814814814815 0.019791666666666652 0.05185185185185184
0 0.4747395833333333 0.125 0.0234375 0.0537037037037037
0 0.5153645833333333 0.03287037037037037 0.020312499999999956 0.049074074074074076
0 0.5174479166666667 0.1875 0.0234375 0.04907407407407405
0 0.5265625 0.25601851851851853 0.021874999999999978 0.05277777777777776
0 0.54140625 0.9175925925925925 0.020312499999999956 0.04999999999999993
0 0.5416666666666666 0.14537037037037037 0.019791666666666652 0.046296296296296294
0 0.5825520833333333 0.35370370370370374 0.020312499999999956 0.04999999999999999
0 0.5979166666666667 0.7537037037037037 0.021874999999999978 0.061111111111111116
0 0.6171875 0.7615740740740741 0.019791666666666652 0.04351851851851851
0 0.9661458333333333 0.5462962962962963 0.018749999999999933 0.03888888888888886
