0 0.06354166666666666 0.42592592592592593 0.020833333333333336 0.04629629629629628
0 0.06432291666666667 0.41203703703703703 0.020312499999999997 0.04629629629629628
0 0.06510416666666667 0.5898148148148148 0.025 0.050000000000000044
0 0.4979166666666667 0.11851851851851852 0.018750000000000044 0.05
0 0.4989583333333334 0.2087962962962963 0.019791666666666707 0.03425925925925924
0 0.5372395833333333 0.18796296296296297 0.024479166666666607 0.0537037037037037
0 0.5406249999999999 0.0412037037037037 0.021874999999999978 0.05277777777777778
0 0.5518229166666666 0.24398148148148147 0.017187500000000022 0.03981481481481483
0 0.5622395833333333 0.1439814814814815 0.021354166666666674 0.047222222222222235
0 0.5638020833333333 0.02592592592592593 0.01822916666666663 0.03518518518518519
0 0.61484375 0.700925925925926 0.0234375 0.062962962962963
0 0.6161458333333334 0.37962962962962965 0.021874999999999978 0.046296296296296335
0 0.6328125 0.8162037037037038 0.019791666666666652 0.037962962962962865
