0 0.07083333333333333 0.5356481481481481 0.01875000000000001 0.0527777777777777
0 0.19401041666666669 0.2287037037037037 0.020312499999999983 0.05000000000000002
0 0.35442708333333334 0.6388888888888888 0.020312499999999956 0.04999999999999993
0 0.36822916666666666 0.5842592592592593 0.021874999999999978 0.042592592592592515
0 0.4510416666666667 0.2847222222222222 0.019791666666666652 0.04907407407407405
0 0.4916666666666667 0.2023148148148148 0.019791666666666707 0.037962962962962976
0 0.5544270833333333 0.0824074074074074 0.0234375 0.031481481481481485
0 0.5760416666666667 0.22824074074074074 0.028124999999999956 0.056481481481481466
0 0.5778645833333333 0.38703703703703707 0.024479166666666607 0.04259259259259257
0 0.5854166666666667 0.912962962962963 0.018750000000000044 0.04629629629629628
0 0.6096354166666667 0.8768518518518519 0.020312499999999956 0.04629629629629628
0 0.6390625000000001 0.5212962962962964 0.021874999999999978 0.03888888888888886
