0 0.033854166666666664 0.27175925925925926 0.019791666666666662 0.06388888888888888
0 0.06848958333333333 0.49583333333333335 0.020312499999999997 0.05277777777777781
0 0.12161458333333333 0.688425925925926 0.01822916666666667 0.045370370370370394
0 0.37057291666666664 0.6009259259259259 0.0234375 0.05555555555555547
0 0.4453125 0.8027777777777778 0.022916666666666696 0.042592592592592626
0 0.4705729166666667 0.2300925925925926 0.02031250000000001 0.0490740740740741
0 0.5106770833333334 0.14814814814814814 0.017187500000000022 0.03518518518518518
0 0.5942708333333333 0.05648148148148148 0.025000000000000022 0.0462962962962963
0 0.6291666666666667 0.8560185185185185 0.021874999999999978 0.04537037037037028
0 0.6640625 0.4828703703703704 0.02187500000000009 0.04351851851851851
0 0.8354166666666667 0.6361111111111111 0.025000000000000022 0.042592592592592626
0 0.9536458333333333 0.20462962962962963 0.022916666666666696 0.04629629629629628
