0 0.6494791666666666 0.10648148148148148 0.019791666666666763 0.03518518518518518
0 0.6734374999999999 0.6453703703703704 0.021874999999999978 0.04629629629629628
0 0.67890625 0.6481481481481481 0.029687499999999978 0.04629629629629628
0 0.6838541666666667 0.6439814814814815 0.019791666666666652 0.047222222222222276
0 0.6880208333333333 0.1648148148148148 0.022916666666666696 0.05555555555555555
0 0.69609375 0.6652777777777779 0.020312500000000067 0.045370370370370394
0 0.6979166666666667 0.7648148148148148 0.01666666666666672 0.04629629629629628
0 0.70546875 0.826851851851852 0.020312499999999956 0.03888888888888886
0 0.7921875 0.7597222222222222 0.015625 0.028703703703703676
0 0.8182291666666667 0.3564814814814815 0.02187500000000009 0.04259259259259257
0 0.8731770833333333 0.975 0.0390625 0.03518518518518521
0 0.8765625 0.8939814814814815 0.018750000000000044 0.03425925925925921
0 0.9158854166666667 0.3962962962962963 0.01718749999999991 0.040740740740740744
