0 0.16484375 0.9143518518518519 0.0234375 0.03425925925925921
0 0.6411458333333333 0.6560185185185186 0.021874999999999978 0.045370370370370394
0 0.6697916666666667 0.7541666666666667 0.016666666666666607 0.04351851851851851
0 0.6869791666666667 0.7847222222222222 0.01666666666666672 0.04351851851851851
0 0.7684895833333334 0.7569444444444444 0.01822916666666663 0.04166666666666663
0 0.78828125 0.6912037037037038 0.01822916666666663 0.03981481481481486
0 0.7901041666666666 0.7509259259259259 0.017708333333333326 0.03518518518518521
0 0.8057291666666666 0.7217592592592592 0.012500000000000067 0.04351851851851851
0 0.8630208333333333 0.8865740740740741 0.018750000000000044 0.037962962962962976
0 0.9127604166666667 0.12685185185185185 0.017187500000000022 0.0314814814814815
0 0.9294270833333333 0.18935185185185185 0.020312499999999956 0.030555555555555558
