0 0.16302083333333334 0.9115740740740741 0.02291666666666667 0.03981481481481475
0 0.47968750000000004 0.8148148148148149 0.01874999999999999 0.031481481481481555
0 0.5289062499999999 0.6652777777777779 0.017187500000000022 0.03425925925925932
0 0.6403645833333333 0.6564814814814814 0.020312499999999956 0.03888888888888886
0 0.6510416666666666 0.35138888888888886 0.015625 0.03611111111111115
0 0.65625 0.16018518518518518 0.02187500000000009 0.04999999999999999
0 0.6580729166666667 0.6300925925925926 0.01718749999999991 0.03981481481481486
0 0.6716145833333333 0.7550925925925926 0.017187500000000022 0.04351851851851862
0 0.6721354166666667 0.5300925925925926 0.01822916666666674 0.03425925925925932
0 0.6729166666666666 0.6587962962962963 0.018749999999999933 0.037962962962962976
0 0.6739583333333333 0.6138888888888889 0.016666666666666607 0.042592592592592626
0 0.67890625 0.8180555555555555 0.017187500000000022 0.03425925925925921
0 0.6898437500000001 0.7837962962962963 0.017187500000000022 0.03981481481481486
0 0.7059895833333334 0.38287037037037036 0.017187500000000022 0.05277777777777781
0 0.7591145833333333 0.33055555555555555 0.020312500000000067 0.051851851851851816
0 0.7903645833333333 0.6912037037037037 0.017187500000000022 0.04351851851851851
0 0.8078125 0.7291666666666667 0.013541666666666674 0.036111111111111094
0 0.8411458333333333 0.9569444444444444 0.03229166666666672 0.025000000000000022
0 0.9080729166666667 0.6907407407407407 0.01718749999999991 0.042592592592592626
0 0.97578125 0.3921296296296296 0.017187500000000022 0.04537037037037034
