0 0.08098958333333334 0.9300925925925926 0.02135416666666666 0.03425925925925921
0 0.33489583333333334 0.5574074074074074 0.025000000000000022 0.04999999999999993
0 0.4526041666666667 0.18703703703703706 0.019791666666666707 0.05185185185185184
0 0.47109375 0.14444444444444446 0.0234375 0.05370370370370371
0 0.5127604166666666 0.0699074074074074 0.020312500000000067 0.04907407407407407
0 0.5138020833333333 0.20462962962962963 0.0234375 0.04999999999999999
0 0.5265625 0.2773148148148148 0.021874999999999978 0.05277777777777776
0 0.5385416666666667 0.1648148148148148 0.019791666666666652 0.04629629629629631
0 0.5403645833333333 0.9407407407407408 0.020312500000000067 0.050000000000000044
0 0.5809895833333334 0.3712962962962963 0.020312500000000067 0.050000000000000044
0 0.5953124999999999 0.7731481481481481 0.021874999999999978 0.061111111111111116
0 0.6171875 0.7740740740740741 0.019791666666666652 0.0444444444444444
0 0.9677083333333334 0.5694444444444444 0.018749999999999933 0.03888888888888886
