0 0.0171875 0.9148148148148147 0.019791666666666666 0.04814814814814816
0 0.02786458333333333 0.6990740740740741 0.0265625 0.05740740740740735
0 0.08098958333333334 0.48796296296296293 0.024479166666666663 0.04629629629629628
0 0.11796875000000001 0.10648148148148148 0.026562500000000003 0.05185185185185186
0 0.16979166666666667 0.46296296296296297 0.01874999999999999 0.04814814814814816
0 0.23281249999999998 0.44166666666666665 0.021875000000000006 0.05740740740740741
0 0.40364583333333337 0.0712962962962963 0.026041666666666685 0.07222222222222222
0 0.48177083333333337 0.512962962962963 0.024999999999999967 0.03888888888888892
0 0.5752604166666666 0.7546296296296297 0.029687499999999978 0.06481481481481488
0 0.60703125 0.12592592592592594 0.0234375 0.05555555555555555
0 0.8588541666666667 0.6277777777777778 0.025000000000000022 0.042592592592592515
