0 0.19036458333333334 0.9236111111111112 0.021354166666666674 0.03425925925925932
0 0.6674479166666667 0.6638888888888889 0.0234375 0.05555555555555558
0 0.6768229166666666 0.17777777777777778 0.029687499999999978 0.0537037037037037
0 0.6973958333333333 0.7574074074074074 0.016666666666666607 0.04629629629629628
0 0.71484375 0.7912037037037036 0.01718749999999991 0.045370370370370394
0 0.7294270833333334 0.38935185185185184 0.017187500000000022 0.04907407407407405
0 0.7375 0.8324074074074075 0.018749999999999933 0.03888888888888886
0 0.7942708333333333 0.7601851851851852 0.018749999999999933 0.03518518518518521
0 0.8333333333333334 0.7319444444444445 0.015625 0.03981481481481486
0 0.8690104166666667 0.9578703703703704 0.03385416666666674 0.030555555555555558
0 0.9041666666666667 0.38981481481481484 0.015625 0.04259259259259257
