0 0.18697916666666667 0.9203703703703704 0.01874999999999999 0.031481481481481444
0 0.6567708333333333 0.035648148148148144 0.028124999999999956 0.04907407407407407
0 0.6942708333333334 0.7643518518518518 0.01666666666666672 0.04907407407407405
0 0.7588541666666666 0.3384259259259259 0.01666666666666672 0.037962962962962976
0 0.7924479166666667 0.7643518518518518 0.020312499999999956 0.037962962962962976
0 0.7942708333333334 0.8337962962962964 0.015625 0.03425925925925932
0 0.82734375 0.7305555555555556 0.017187500000000022 0.031481481481481555
0 0.84609375 0.9592592592592593 0.0234375 0.02777777777777768
0 0.8697916666666666 0.9662037037037037 0.039583333333333304 0.028703703703703676
0 0.8851562500000001 0.888425925925926 0.017187500000000022 0.037962962962962976
0 0.9010416666666666 0.3958333333333333 0.019791666666666652 0.04351851851851851
0 0.9828125000000001 0.7805555555555556 0.013541666666666674 0.031481481481481444
