0 0.107261 0.115385 0.066007 0.091811
0 0.089109 0.204715 0.072607 0.081886
0 0.078383 0.347395 0.057756 0.109181
0 0.020627 0.472705 0.037954 0.146402
0 0.133663 0.518610 0.052805 0.064516
0 0.234323 0.508685 0.059406 0.109181
0 0.040429 0.879653 0.077558 0.116625
0 0.170792 0.909429 0.067657 0.111663
0 0.264026 0.965261 0.069307 0.069479
0 0.358911 0.796526 0.057756 0.129032
0 0.533828 0.633995 0.070957 0.101737
0 0.493399 0.560794 0.075908 0.138958
0 0.424092 0.271712 0.069307 0.131514
0 0.248350 0.220844 0.064356 0.138958
0 0.348185 0.594293 0.062706 0.096774
0 0.867162 0.734491 0.034653 0.089330
0 0.610561 0.740695 0.042904 0.091811
0 0.591584 0.724566 0.031353 0.094293
0 0.872937 0.239454 0.059406 0.076923
0 0.947195 0.248139 0.059406 0.064516
0 0.927393 0.359801 0.052805 0.089330
0 0.363036 0.445409 0.039604 0.066998
