0 0.473597 0.866005 0.049505 0.089330
0 0.509901 0.828784 0.049505 0.084367
0 0.473597 0.795285 0.049505 0.066998
0 0.333333 0.801489 0.036304 0.074442
0 0.243399 0.952854 0.024752 0.064516
0 0.217822 0.857320 0.036304 0.066998
0 0.538779 0.162531 0.044554 0.091811
0 0.712871 0.774194 0.033003 0.069479
0 0.871287 0.862283 0.033003 0.076923
0 0.845710 0.789082 0.031353 0.064516
0 0.838284 0.558313 0.049505 0.094293
0 0.753300 0.269231 0.031353 0.081886
0 0.717822 0.210918 0.033003 0.059553
0 0.792904 0.037221 0.037954 0.069479
0 0.271452 0.266749 0.028053 0.052109
0 0.239274 0.256824 0.033003 0.062035
0 0.508251 0.558313 0.039604 0.074442
0 0.530528 0.655087 0.047855 0.079404
