0 0.202970 0.099256 0.072607 0.094293
0 0.081683 0.225806 0.054455 0.119107
0 0.054455 0.375931 0.092409 0.141439
0 0.456271 0.642680 0.087459 0.168734
0 0.637789 0.791563 0.084158 0.153846
0 0.568482 0.743176 0.084158 0.161290
0 0.644389 0.714640 0.080858 0.109181
0 0.687294 0.688586 0.090759 0.126551
0 0.606436 0.558313 0.080858 0.119107
0 0.705446 0.534739 0.110561 0.126551
0 0.885314 0.586849 0.077558 0.171216
0 0.823432 0.596774 0.062706 0.171216
0 0.674917 0.230769 0.099010 0.158809
0 0.732673 0.964020 0.085809 0.071960
