0 0.394389 0.683623 0.075908 0.131514
0 0.413366 0.729529 0.074257 0.099256
0 0.220297 0.311414 0.074257 0.141439
0 0.092409 0.854839 0.072607 0.131514
0 0.225248 0.807692 0.057756 0.161290
0 0.303630 0.892060 0.079208 0.126551
0 0.491749 0.482630 0.082508 0.101737
0 0.618812 0.724566 0.085809 0.124069
0 0.603135 0.663772 0.070957 0.141439
0 0.750000 0.843672 0.070957 0.143921
0 0.858086 0.672457 0.069307 0.158809
0 0.939769 0.846154 0.084158 0.158809
0 0.901815 0.186104 0.061056 0.099256
0 0.976073 0.305211 0.047855 0.094293
0 0.580033 0.230769 0.084158 0.114144
0 0.029703 0.951613 0.042904 0.057072
0 0.352310 0.955335 0.094059 0.069479
0 0.255776 0.409429 0.056106 0.104218
