0 0.259076 0.302730 0.052805 0.094293
0 0.239274 0.176179 0.039604 0.079404
0 0.026403 0.062035 0.042904 0.084367
0 0.326733 0.053350 0.033003 0.071960
0 0.630363 0.187345 0.062706 0.096774
0 0.783828 0.575682 0.049505 0.079404
0 0.712871 0.763027 0.056106 0.106700
0 0.524752 0.686104 0.082508 0.176179
0 0.200495 0.719603 0.051155 0.069479
0 0.944719 0.455335 0.054455 0.066998
0 0.872937 0.598015 0.042904 0.079404
0 0.757426 0.490074 0.046205 0.071960
0 0.736799 0.544665 0.034653 0.062035
0 0.854785 0.918114 0.059406 0.069479
0 0.802805 0.265509 0.057756 0.094293
0 0.834158 0.223325 0.057756 0.089330
0 0.849835 0.184864 0.036304 0.081886
0 0.878713 0.259305 0.047855 0.096774
0 0.082508 0.733251 0.039604 0.066998
0 0.082508 0.733251 0.039604 0.066998
0 0.119637 0.740695 0.034653 0.076923
0 0.711221 0.862283 0.059406 0.086849
0 0.278053 0.617866 0.041254 0.084367
0 0.189769 0.542184 0.033003 0.052109
0 0.606436 0.017370 0.041254 0.029777
