0 0.084983 0.554591 0.103960 0.196030
0 0.240099 0.399504 0.100660 0.188586
0 0.500825 0.609181 0.120462 0.230769
0 0.445545 0.447891 0.122112 0.205955
0 0.431518 0.799007 0.094059 0.193548
0 0.929043 0.358561 0.089109 0.196030
0 0.971122 0.557072 0.057756 0.106700
0 0.976073 0.475186 0.047855 0.106700
0 0.181518 0.445409 0.039604 0.091811
0 0.604785 0.083127 0.097360 0.161290
0 0.668317 0.179901 0.082508 0.156328
0 0.719472 0.065757 0.089109 0.126551
0 0.980198 0.060794 0.039604 0.111663
0 0.886139 0.328784 0.052805 0.096774
0 0.831683 0.148883 0.069307 0.109181
0 0.731023 0.526055 0.036304 0.069479
0 0.776403 0.380893 0.047855 0.101737
0 0.752475 0.220844 0.069307 0.129032
0 0.037954 0.960298 0.072607 0.074442
