0 0.938944 0.189826 0.052805 0.101737
0 0.839934 0.352357 0.052805 0.104218
0 0.684818 0.060794 0.052805 0.066998
0 0.844059 0.028536 0.041254 0.052109
0 0.856436 0.055831 0.042904 0.042184
0 0.556931 0.043424 0.054455 0.081886
0 0.612211 0.176179 0.033003 0.074442
0 0.603960 0.245658 0.046205 0.064516
0 0.509901 0.356079 0.056106 0.106700
0 0.420792 0.230769 0.056106 0.089330
0 0.139439 0.487593 0.087459 0.171216
0 0.487624 0.633995 0.077558 0.131514
0 0.622112 0.648883 0.082508 0.126551
0 0.891914 0.833747 0.054455 0.074442
0 0.728548 0.899504 0.061056 0.086849
0 0.337459 0.825062 0.041254 0.081886
0 0.080858 0.325062 0.072607 0.114144
0 0.952970 0.341191 0.051155 0.076923
0 0.980198 0.300248 0.036304 0.064516
0 0.839109 0.588089 0.034653 0.094293
0 0.979373 0.511166 0.037954 0.089330
0 0.349835 0.740695 0.052805 0.066998
