0 0.609736 0.055831 0.061056 0.096774
0 0.429868 0.523573 0.051155 0.104218
0 0.254125 0.428040 0.062706 0.106700
0 0.311881 0.630273 0.072607 0.124069
0 0.176568 0.576923 0.059406 0.136476
0 0.047855 0.357320 0.069307 0.124069
0 0.938944 0.658809 0.089109 0.171216
0 0.838284 0.763027 0.069307 0.116625
0 0.792079 0.707196 0.066007 0.124069
0 0.683993 0.743176 0.061056 0.111663
0 0.729373 0.812655 0.066007 0.121588
0 0.784653 0.968983 0.067657 0.052109
0 0.507426 0.936725 0.054455 0.096774
0 0.364686 0.785360 0.049505 0.086849
0 0.325083 0.959057 0.059406 0.081886
0 0.280528 0.941687 0.036304 0.057072
0 0.135314 0.651365 0.042904 0.081886
