0 0.028878 0.083127 0.054455 0.091811
0 0.018977 0.165012 0.034653 0.126551
0 0.341584 0.548387 0.128713 0.153846
0 0.339109 0.665012 0.087459 0.109181
0 0.580033 0.671216 0.047855 0.091811
0 0.632013 0.702233 0.089109 0.124069
0 0.512376 0.946650 0.070957 0.101737
0 0.448845 0.960298 0.062706 0.069479
0 0.937294 0.425558 0.112211 0.191067
0 0.803630 0.503722 0.066007 0.089330
0 0.259076 0.428040 0.059406 0.106700
0 0.303630 0.375931 0.075908 0.121588
0 0.347360 0.332506 0.064356 0.129032
0 0.868812 0.751861 0.084158 0.094293
0 0.863861 0.696030 0.061056 0.096774
0 0.735974 0.303970 0.095710 0.186104
0 0.701320 0.229529 0.069307 0.141439
0 0.066007 0.224566 0.052805 0.066998
0 0.100660 0.295285 0.046205 0.089330
0 0.624587 0.940447 0.037954 0.084367
0 0.740924 0.795285 0.059406 0.057072
0 0.571782 0.045906 0.054455 0.081886
0 0.780528 0.050868 0.049505 0.062035
0 0.986799 0.959057 0.026403 0.076923
0 0.723597 0.884615 0.064356 0.062035
0 0.410891 0.155087 0.049505 0.052109
0 0.498350 0.132754 0.132013 0.166253
0 0.532178 0.270471 0.127063 0.188586
