0 0.167492 0.150124 0.037954 0.071960
0 0.166667 0.286600 0.029703 0.057072
0 0.066832 0.189826 0.044554 0.076923
0 0.073432 0.514888 0.034653 0.066998
0 0.030528 0.493797 0.037954 0.074442
0 0.056106 0.657568 0.056106 0.074442
0 0.183993 0.655087 0.041254 0.089330
0 0.312706 0.658809 0.034653 0.052109
0 0.456271 0.692308 0.028053 0.069479
0 0.461221 0.733251 0.031353 0.052109
0 0.457096 0.526055 0.033003 0.064516
0 0.533828 0.246898 0.037954 0.062035
0 0.687294 0.089330 0.037954 0.059553
0 0.646040 0.039702 0.034653 0.059553
0 0.600660 0.022333 0.029703 0.034739
0 0.777228 0.047146 0.029703 0.054591
0 0.876238 0.075682 0.033003 0.066998
0 0.954620 0.043424 0.041254 0.057072
0 0.867987 0.143921 0.036304 0.059553
0 0.938119 0.205955 0.041254 0.059553
0 0.877888 0.440447 0.026403 0.042184
0 0.679043 0.465261 0.031353 0.066998
0 0.766502 0.663772 0.037954 0.081886
0 0.853960 0.722084 0.031353 0.059553
0 0.215347 0.935484 0.037954 0.064516
0 0.270627 0.911911 0.019802 0.037221
0 0.026403 0.359801 0.039604 0.059553
