0 0.401815 0.264268 0.087459 0.181141
0 0.495050 0.277916 0.069307 0.133995
0 0.322607 0.229529 0.070957 0.156328
0 0.066007 0.426799 0.056106 0.114144
0 0.154290 0.111663 0.070957 0.119107
0 0.037129 0.873449 0.070957 0.119107
0 0.513201 0.632754 0.092409 0.133995
0 0.572607 0.694789 0.079208 0.158809
0 0.916667 0.205955 0.070957 0.163772
0 0.930693 0.348635 0.079208 0.146402
0 0.732673 0.684864 0.082508 0.168734
0 0.847360 0.694789 0.067657 0.114144
0 0.791254 0.792804 0.080858 0.121588
0 0.355611 0.599256 0.080858 0.156328
0 0.270627 0.533499 0.082508 0.148883
0 0.367987 0.436725 0.066007 0.119107
