0 0.875413 0.565757 0.097360 0.124069
0 0.886964 0.418114 0.080858 0.166253
0 0.727723 0.042184 0.075908 0.079404
0 0.118812 0.780397 0.112211 0.181141
0 0.600660 0.709677 0.069307 0.143921
0 0.539604 0.687345 0.059406 0.138958
0 0.426568 0.534739 0.100660 0.191067
0 0.411716 0.678660 0.077558 0.091811
0 0.478548 0.326303 0.069307 0.136476
0 0.570132 0.269231 0.051155 0.096774
0 0.388614 0.126551 0.107261 0.099256
0 0.072607 0.028536 0.069307 0.052109
0 0.750000 0.400744 0.064356 0.121588
0 0.758251 0.514888 0.077558 0.116625
0 0.811881 0.389578 0.072607 0.114144
0 0.802805 0.462779 0.067657 0.071960
0 0.405941 0.271712 0.046205 0.042184
