0 0.772277 0.320099 0.062706 0.133995
0 0.966997 0.383375 0.062706 0.146402
0 0.886964 0.910670 0.067657 0.153846
0 0.817657 0.949132 0.074257 0.101737
0 0.698845 0.955335 0.067657 0.084367
0 0.559406 0.870968 0.085809 0.148883
0 0.463696 0.660050 0.066007 0.153846
0 0.396040 0.645161 0.066007 0.129032
0 0.264851 0.629032 0.094059 0.101737
0 0.579208 0.373449 0.062706 0.076923
0 0.559406 0.248139 0.069307 0.094293
0 0.350660 0.368486 0.051155 0.076923
0 0.271452 0.267990 0.054455 0.094293
0 0.214521 0.253102 0.042904 0.084367
0 0.300330 0.785360 0.059406 0.146402
0 0.728548 0.717122 0.051155 0.109181
