0 0.216997 0.786600 0.090759 0.133995
0 0.292079 0.878412 0.105611 0.163772
0 0.594059 0.517370 0.092409 0.176179
0 0.622112 0.390819 0.118812 0.161290
0 0.551155 0.454094 0.085809 0.099256
0 0.777228 0.390819 0.079208 0.091811
0 0.797855 0.827543 0.090759 0.136476
0 0.938944 0.859801 0.075908 0.161290
0 0.386139 0.214640 0.089109 0.131514
0 0.612211 0.187345 0.066007 0.136476
0 0.534653 0.042184 0.095710 0.079404
0 0.472772 0.027295 0.054455 0.049628
0 0.439769 0.468983 0.077558 0.133995
0 0.463696 0.339950 0.082508 0.158809
0 0.089934 0.555831 0.084158 0.153846
0 0.349010 0.951613 0.080858 0.096774
