0 0.052805 0.889578 0.079208 0.141439
0 0.202145 0.892060 0.097360 0.121588
0 0.114686 0.729529 0.044554 0.074442
0 0.070957 0.461538 0.049505 0.109181
0 0.452970 0.153846 0.041254 0.069479
0 0.468647 0.182382 0.039604 0.052109
0 0.584158 0.497519 0.046205 0.066998
0 0.622937 0.446650 0.051155 0.084367
0 0.646040 0.736973 0.057756 0.114144
0 0.639439 0.791563 0.057756 0.099256
0 0.799505 0.602978 0.067657 0.124069
0 0.924092 0.588089 0.042904 0.089330
0 0.850660 0.720844 0.041254 0.086849
0 0.387789 0.756824 0.072607 0.119107
0 0.648515 0.280397 0.059406 0.079404
0 0.888614 0.361042 0.041254 0.081886
0 0.836634 0.356079 0.039604 0.062035
0 0.427393 0.246898 0.056106 0.091811
0 0.542079 0.467742 0.041254 0.091811
