0 0.018229166666666668 0.7055555555555555 0.028125000000000004 0.059259259259259234
0 0.32552083333333337 0.6263888888888889 0.02291666666666664 0.047222222222222276
0 0.45833333333333337 0.19814814814814813 0.021875000000000033 0.05185185185185184
0 0.46770833333333334 0.7888888888888889 0.025000000000000022 0.04629629629629628
0 0.5020833333333333 0.11296296296296296 0.01874999999999999 0.04629629629629628
0 0.55859375 0.06759259259259259 0.020312499999999956 0.03518518518518518
0 0.5822916666666667 0.8171296296296297 0.018750000000000044 0.047222222222222276
0 0.66796875 0.4810185185185185 0.024479166666666607 0.037962962962962976
0 0.96875 0.611574074074074 0.016666666666666607 0.036111111111111094
0 0.9885416666666667 0.8643518518518518 0.018750000000000044 0.04166666666666663
