0 0.021875 0.7166666666666667 0.028124999999999997 0.059259259259259345
0 0.32447916666666665 0.625 0.02291666666666664 0.04629629629629628
0 0.4510416666666667 0.19814814814814813 0.021874999999999978 0.05185185185185184
0 0.4604166666666667 0.787037037037037 0.024999999999999967 0.04629629629629639
0 0.4921875 0.11018518518518519 0.018750000000000044 0.046296296296296294
0 0.55234375 0.061111111111111116 0.020312499999999956 0.03518518518518519
0 0.5755208333333333 0.8138888888888889 0.018749999999999933 0.04629629629629628
0 0.6627604166666667 0.4800925925925926 0.02447916666666672 0.03796296296296292
0 0.965625 0.6087962962962963 0.01666666666666672 0.036111111111111094
0 0.9822916666666667 0.8597222222222223 0.018750000000000044 0.04166666666666663
