0 0.27864583333333337 0.5509259259259259 0.02812500000000001 0.05740740740740735
0 0.390625 0.21157407407407408 0.03229166666666672 0.056481481481481494
0 0.39947916666666666 0.15046296296296297 0.021874999999999978 0.05277777777777777
0 0.41067708333333336 0.3550925925925926 0.0234375 0.04537037037037034
0 0.44453125000000004 0.04398148148148148 0.02031250000000001 0.05648148148148148
0 0.45052083333333337 0.7425925925925926 0.021875000000000033 0.050000000000000044
0 0.4703125 0.15416666666666667 0.021875000000000033 0.052777777777777785
0 0.503125 0.9222222222222223 0.016666666666666663 0.042592592592592626
0 0.5033854166666667 0.013888888888888892 0.02031250000000001 0.031481481481481485
0 0.5041666666666667 0.8388888888888889 0.02083333333333326 0.03518518518518521
0 0.5278645833333333 0.7486111111111111 0.027604166666666652 0.06759259259259265
0 0.6187499999999999 0.4037037037037037 0.025000000000000022 0.04259259259259257
0 0.9643229166666667 0.8930555555555555 0.01822916666666663 0.047222222222222165
0 0.9817708333333334 0.9143518518518519 0.019791666666666652 0.04351851851851851
