0 0.026041666666666664 0.3768518518518519 0.021875 0.05370370370370375
0 0.06875 0.4291666666666667 0.02187499999999999 0.05648148148148152
0 0.07057291666666667 0.5851851851851853 0.027604166666666673 0.0537037037037037
0 0.3807291666666667 0.5027777777777778 0.021874999999999978 0.04259259259259257
0 0.4901041666666667 0.13518518518518519 0.017708333333333326 0.040740740740740744
0 0.5026041666666666 0.12361111111111112 0.026041666666666685 0.05277777777777777
0 0.5033854166666667 0.2013888888888889 0.017187499999999967 0.02685185185185185
0 0.5096354166666667 0.1111111111111111 0.02031250000000001 0.04999999999999999
0 0.5197916666666667 0.5902777777777778 0.02604166666666674 0.05277777777777781
0 0.5447916666666667 0.18287037037037038 0.02604166666666674 0.060185185185185175
0 0.5520833333333333 0.03194444444444444 0.021874999999999978 0.049074074074074076
0 0.571875 0.8680555555555556 0.019791666666666652 0.04907407407407405
0 0.5729166666666666 0.7847222222222222 0.019791666666666652 0.03981481481481475
0 0.5736979166666667 0.046296296296296294 0.017187500000000022 0.04259259259259259
0 0.5752604166666666 0.13287037037037036 0.026562499999999933 0.052777777777777785
0 0.6229166666666667 0.31851851851851853 0.02499999999999991 0.03888888888888892
0 0.6244791666666667 0.35324074074074074 0.021874999999999978 0.045370370370370394
0 0.6278645833333333 0.6930555555555555 0.0234375 0.06388888888888888
0 0.6473958333333334 0.8037037037037037 0.017708333333333326 0.04629629629629628
0 0.6526041666666667 0.7143518518518519 0.02604166666666674 0.0527777777777777
0 0.6526041666666667 0.9712962962962963 0.015625 0.03518518518518521
0 0.6598958333333333 0.06574074074074074 0.019791666666666652 0.0462962962962963
