0 0.03333333333333333 0.9296296296296296 0.01875 0.042592592592592626
0 0.04817708333333333 0.6944444444444444 0.018229166666666664 0.04629629629629628
0 0.05911458333333333 0.38842592592592595 0.021354166666666667 0.0398148148148148
0 0.11979166666666666 0.3643518518518518 0.015624999999999986 0.04537037037037034
0 0.1515625 0.8486111111111111 0.015625 0.04166666666666674
0 0.1953125 0.3060185185185185 0.021874999999999978 0.056481481481481466
0 0.25260416666666663 0.3611111111111111 0.01874999999999999 0.04629629629629628
0 0.6747395833333334 0.9495370370370371 0.021354166666666674 0.04351851851851851
0 0.68046875 0.662037037037037 0.017187500000000022 0.042592592592592626
0 0.6875 0.24166666666666667 0.016666666666666607 0.03888888888888892
0 0.6934895833333334 0.06527777777777778 0.021354166666666674 0.04722222222222223
0 0.7049479166666667 0.624074074074074 0.0234375 0.03888888888888886
0 0.7377604166666667 0.29583333333333334 0.020312499999999956 0.04166666666666663
0 0.7421875 0.2324074074074074 0.02604166666666674 0.04629629629629628
0 0.7528645833333334 0.33194444444444443 0.020312500000000067 0.04351851851851851
