0 0.0109375 0.3648148148148148 0.021875 0.05555555555555558
0 0.06171875 0.4310185185185185 0.021354166666666674 0.056481481481481466
0 0.062239583333333334 0.586111111111111 0.026562499999999996 0.0537037037037037
0 0.37786458333333334 0.5060185185185185 0.0234375 0.04166666666666674
0 0.48541666666666666 0.1287037037037037 0.018750000000000044 0.05
0 0.5078125 0.09722222222222221 0.021875000000000033 0.05
0 0.5427083333333333 0.1699074074074074 0.025000000000000022 0.052777777777777785
0 0.5559895833333333 0.19351851851851853 0.02447916666666672 0.05555555555555555
0 0.5591145833333333 0.2212962962962963 0.017187500000000022 0.04259259259259257
0 0.5690104166666667 0.12222222222222223 0.020312500000000067 0.042592592592592585
0 0.56953125 0.7861111111111111 0.021354166666666674 0.03518518518518521
0 0.6166666666666667 0.31666666666666665 0.022916666666666696 0.03888888888888892
0 0.6239583333333334 0.6898148148148149 0.025000000000000022 0.0703703703703703
0 0.6471354166666667 0.7046296296296296 0.02447916666666672 0.050000000000000044
