0 0.06718750000000001 0.5532407407407407 0.018750000000000003 0.0527777777777777
0 0.11796875 0.7416666666666667 0.017187499999999994 0.03888888888888886
0 0.12161458333333333 0.6111111111111112 0.01718750000000001 0.042592592592592626
0 0.334375 0.6625 0.01874999999999999 0.04351851851851851
0 0.36484375 0.5824074074074074 0.0234375 0.04629629629629628
0 0.44791666666666663 0.29166666666666663 0.021875000000000033 0.04999999999999999
0 0.45729166666666665 0.475 0.01874999999999999 0.04259259259259257
0 0.4901041666666667 0.20833333333333331 0.01874999999999999 0.0425925925925926
0 0.5627604166666667 0.9796296296296296 0.015104166666666696 0.03518518518518521
0 0.56953125 0.23703703703703705 0.026562499999999933 0.0537037037037037
0 0.5794270833333333 0.9217592592592593 0.017187500000000022 0.03981481481481475
