0 0.014062499999999999 0.4425925925925926 0.01875 0.031481481481481444
0 0.046614583333333334 0.5365740740740741 0.014062499999999999 0.03240740740740744
0 0.06901041666666667 0.44305555555555554 0.0171875 0.03425925925925927
0 0.43489583333333337 0.1412037037037037 0.01874999999999999 0.04166666666666667
0 0.47291666666666665 0.07268518518518519 0.016666666666666663 0.041666666666666664
0 0.5216145833333333 0.8810185185185185 0.01718749999999991 0.05277777777777781
0 0.53984375 0.9027777777777778 0.020312500000000067 0.03888888888888897
0 0.5817708333333333 0.8898148148148148 0.018750000000000044 0.031481481481481444
0 0.5958333333333333 0.2865740740740741 0.019791666666666652 0.0398148148148148
0 0.609375 0.09166666666666667 0.015625 0.035185185185185194
0 0.8895833333333334 0.03657407407407408 0.01666666666666672 0.03981481481481482
0 0.9703125 0.7921296296296296 0.018750000000000044 0.036111111111111205
