0 0.1640625 0.0712962962962963 0.01874999999999999 0.03518518518518519
0 0.2963541666666667 0.4101851851851852 0.024999999999999967 0.05740740740740741
0 0.35911458333333335 0.34074074074074073 0.01510416666666664 0.03888888888888886
0 0.3755208333333333 0.1824074074074074 0.021875000000000033 0.03888888888888889
0 0.3989583333333333 0.2537037037037037 0.02291666666666664 0.04629629629629628
0 0.4005208333333333 0.0763888888888889 0.02812500000000001 0.04166666666666667
0 0.41796875 0.337037037037037 0.020312499999999956 0.03518518518518521
0 0.42109375000000004 0.07592592592592592 0.02031250000000001 0.04259259259259259
0 0.42890625000000004 0.23981481481481481 0.02031250000000001 0.03888888888888886
0 0.44427083333333334 0.19722222222222224 0.019791666666666652 0.04629629629629631
0 0.44765625 0.16805555555555557 0.017187499999999967 0.04351851851851854
0 0.47421875 0.18055555555555558 0.018229166666666685 0.0425925925925926
0 0.5322916666666666 0.749537037037037 0.022916666666666585 0.04351851851851851
0 0.5536458333333334 0.1287037037037037 0.017708333333333326 0.03518518518518518
0 0.5778645833333333 0.475 0.01822916666666674 0.03518518518518515
