0 0.27890625 0.575925925925926 0.027604166666666707 0.05740740740740735
0 0.39479166666666665 0.22638888888888892 0.03229166666666666 0.056481481481481494
0 0.40625 0.15324074074074073 0.021874999999999978 0.052777777777777785
0 0.41328125 0.3662037037037037 0.0234375 0.045370370370370394
0 0.45078125 0.0625 0.02031250000000001 0.05648148148148149
0 0.45572916666666663 0.7620370370370371 0.021875000000000033 0.050000000000000044
0 0.4760416666666667 0.175462962962963 0.021875000000000033 0.052777777777777785
0 0.50859375 0.9342592592592593 0.017187500000000022 0.042592592592592626
0 0.5091145833333334 0.8527777777777777 0.02031250000000001 0.03518518518518521
0 0.51015625 0.01851851851851852 0.020312499999999956 0.031481481481481485
0 0.5377604166666666 0.7671296296296296 0.027604166666666652 0.06759259259259265
0 0.6223958333333333 0.41944444444444445 0.025000000000000022 0.042592592592592626
0 0.9341145833333333 0.9273148148148148 0.0234375 0.047222222222222276
0 0.96796875 0.9097222222222222 0.01822916666666663 0.047222222222222276
0 0.9885416666666667 0.9310185185185185 0.019791666666666652 0.04351851851851851
