0 0.00546875 0.4296296296296296 0.0109375 0.06481481481481483
0 0.019791666666666666 0.55 0.019791666666666666 0.03888888888888886
0 0.08151041666666667 0.6425925925925926 0.018229166666666657 0.031481481481481444
0 0.153125 0.47962962962962963 0.015625 0.04259259259259257
0 0.2015625 0.3597222222222222 0.019791666666666652 0.03981481481481486
0 0.26588541666666665 0.1837962962962963 0.02031250000000001 0.056481481481481466
0 0.3546875 0.6587962962962963 0.025000000000000022 0.04907407407407405
0 0.475 0.25277777777777777 0.02291666666666664 0.03518518518518518
0 0.50859375 0.18518518518518517 0.020312500000000067 0.03888888888888889
0 0.5494791666666667 0.0875 0.028125000000000067 0.03425925925925925
0 0.5591145833333333 0.28240740740740744 0.020312499999999956 0.0314814814814815
0 0.575 0.10694444444444444 0.01666666666666672 0.03796296296296295
0 0.6742187500000001 0.937962962962963 0.017187500000000022 0.03518518518518521
0 0.96484375 0.8527777777777777 0.020312499999999956 0.050000000000000044
