0 0.043229166666666666 0.37175925925925923 0.018750000000000003 0.0490740740740741
0 0.08645833333333333 0.5833333333333333 0.018750000000000003 0.031481481481481555
0 0.13046875 0.37175925925925923 0.01718750000000001 0.03796296296296292
0 0.2651041666666667 0.17175925925925928 0.021875000000000033 0.024999999999999994
0 0.553125 0.5296296296296297 0.022916666666666696 0.05555555555555558
0 0.6635416666666667 0.18518518518518517 0.029166666666666674 0.06666666666666668
0 0.68828125 0.962962962962963 0.027604166666666652 0.04999999999999993
0 0.6971354166666667 0.6708333333333334 0.015104166666666696 0.04166666666666663
0 0.7018229166666667 0.2421296296296296 0.021354166666666674 0.0398148148148148
0 0.7093750000000001 0.7425925925925926 0.021874999999999978 0.04629629629629628
0 0.75625 0.3023148148148148 0.019791666666666652 0.04907407407407405
0 0.7591145833333333 0.24444444444444446 0.026562499999999933 0.04629629629629631
0 0.76953125 0.3324074074074074 0.01718749999999991 0.04259259259259257
