0 0.4015625 0.3763888888888889 0.022916666666666696 0.04907407407407405
0 0.4067708333333333 0.3712962962962963 0.024999999999999967 0.050000000000000044
0 0.4106770833333333 0.36712962962962964 0.02135416666666662 0.04351851851851851
0 0.4869791666666667 0.125 0.015625 0.038888888888888876
0 0.50546875 0.8722222222222222 0.02031250000000001 0.06296296296296289
0 0.6244791666666667 0.6462962962962964 0.018750000000000044 0.05185185185185193
0 0.625 0.5629629629629629 0.018750000000000044 0.04999999999999993
0 0.6325520833333333 0.8314814814814815 0.024479166666666607 0.040740740740740744
0 0.6442708333333333 0.5175925925925926 0.03125 0.05370370370370364
0 0.6497395833333333 0.6564814814814814 0.01822916666666663 0.04999999999999993
0 0.6721354166666667 0.07037037037037037 0.026562500000000044 0.057407407407407414
0 0.7057291666666666 0.9546296296296296 0.015625 0.04629629629629628
0 0.8171875 0.30648148148148147 0.019791666666666652 0.0537037037037037
