0 0.014062499999999999 0.46111111111111114 0.017708333333333333 0.06296296296296294
0 0.04817708333333333 0.575925925925926 0.03072916666666666 0.07037037037037042
0 0.3609375 0.5064814814814815 0.026041666666666685 0.046296296296296335
0 0.4591145833333333 0.6972222222222222 0.0234375 0.051851851851851816
0 0.47890625 0.6634259259259259 0.03281249999999997 0.03981481481481486
0 0.4927083333333333 0.17731481481481481 0.028124999999999956 0.045370370370370394
0 0.4950520833333333 0.09212962962962963 0.023437499999999944 0.052777777777777785
0 0.5 0.6759259259259259 0.028124999999999956 0.04814814814814805
0 0.5338541666666667 0.1550925925925926 0.025000000000000022 0.056481481481481466
0 0.5526041666666667 0.8745370370370371 0.019791666666666652 0.047222222222222165
0 0.5572916666666666 0.7787037037037037 0.022916666666666696 0.03888888888888886
0 0.5578125 0.12037037037037036 0.018749999999999933 0.048148148148148134
0 0.6026041666666666 0.30925925925925923 0.022916666666666585 0.04259259259259257
0 0.6125 0.6898148148148148 0.021874999999999978 0.061111111111111116
0 0.6276041666666667 0.9657407407407408 0.018749999999999933 0.04629629629629639
0 0.6328125 0.8212962962962963 0.02187500000000009 0.03518518518518521
0 0.63828125 0.7027777777777777 0.0234375 0.04629629629629639
0 0.6932291666666667 0.36944444444444446 0.02187500000000009 0.03888888888888892
0 0.8015625 0.3814814814814815 0.021874999999999978 0.061111111111111116
