0 0.010416666666666666 0.9731481481481481 0.01875 0.0351851851851851
0 0.16666666666666669 0.6277777777777778 0.01979166666666668 0.03888888888888897
0 0.25234375 0.4625 0.02031250000000001 0.05277777777777776
0 0.5104166666666666 0.5787037037037037 0.019791666666666652 0.04629629629629628
0 0.52734375 0.5569444444444445 0.01822916666666674 0.045370370370370394
0 0.63515625 0.19305555555555554 0.020312499999999956 0.052777777777777785
0 0.6822916666666667 0.11481481481481481 0.018749999999999933 0.04999999999999999
0 0.7484375 0.9361111111111111 0.018750000000000044 0.042592592592592515
0 0.7622395833333333 0.8652777777777778 0.020312499999999956 0.04351851851851851
0 0.8434895833333333 0.5430555555555555 0.021354166666666674 0.04351851851851851
0 0.8520833333333333 0.1476851851851852 0.021874999999999978 0.04351851851851854
