0 0.04427083333333333 0.30648148148148147 0.017708333333333333 0.04259259259259257
0 0.13229166666666667 0.5962962962962963 0.018750000000000003 0.0444444444444444
0 0.16354166666666667 0.5564814814814815 0.020833333333333315 0.042592592592592515
0 0.16901041666666666 0.4361111111111111 0.017187499999999994 0.03888888888888886
0 0.23046875 0.4083333333333333 0.021354166666666674 0.0537037037037037
0 0.2989583333333333 0.24675925925925926 0.022916666666666696 0.02870370370370373
0 0.33281249999999996 0.8476851851851852 0.01874999999999999 0.04351851851851851
0 0.56953125 0.6814814814814816 0.0234375 0.03888888888888886
0 0.5916666666666667 0.08935185185185185 0.022916666666666696 0.052777777777777785
0 0.6854166666666667 0.4736111111111111 0.018750000000000044 0.04351851851851851
0 0.7307291666666667 0.7759259259259259 0.019791666666666652 0.050000000000000044
0 0.7369791666666666 0.6814814814814815 0.015625 0.042592592592592515
0 0.7437499999999999 0.19814814814814816 0.02604166666666663 0.0537037037037037
0 0.7567708333333334 0.7425925925925926 0.018749999999999933 0.03703703703703698
0 0.7598958333333333 0.887962962962963 0.012499999999999956 0.031481481481481444
0 0.7770833333333333 0.8652777777777778 0.015625 0.04166666666666663
0 0.7997395833333334 0.4013888888888889 0.01822916666666663 0.036111111111111094
