0 0.0078125 0.4759259259259259 0.015625 0.042592592592592626
0 0.015885416666666666 0.8712962962962962 0.0234375 0.0537037037037037
0 0.02291666666666667 0.7074074074074075 0.019791666666666666 0.06481481481481477
0 0.20286458333333335 0.3925925925925926 0.021354166666666646 0.04999999999999999
0 0.23776041666666667 0.06388888888888888 0.0234375 0.04259259259259259
0 0.5190104166666667 0.525462962962963 0.0234375 0.047222222222222165
0 0.6695312499999999 0.1439814814814815 0.017187500000000022 0.045370370370370366
0 0.7002604166666666 0.06712962962962964 0.020312500000000067 0.04351851851851852
0 0.70546875 0.02638888888888889 0.0234375 0.041666666666666664
0 0.7151041666666667 0.26666666666666666 0.018750000000000044 0.0537037037037037
0 0.7208333333333333 0.16249999999999998 0.016666666666666607 0.03611111111111112
0 0.7341145833333333 0.23194444444444445 0.01822916666666674 0.04351851851851851
0 0.7796875000000001 0.34675925925925927 0.025000000000000022 0.04351851851851851
0 0.815625 0.7416666666666667 0.015625 0.03518518518518521
