0 0.18489583333333331 0.3365740740740741 0.018750000000000017 0.04351851851851851
0 0.21380208333333334 0.2884259259259259 0.02031250000000001 0.04907407407407405
0 0.365625 0.4189814814814815 0.024999999999999967 0.060185185185185175
0 0.4984375 0.5518518518518518 0.021875000000000033 0.04629629629629628
0 0.5197916666666667 0.5574074074074074 0.016666666666666607 0.05185185185185193
0 0.5291666666666667 0.9143518518518519 0.016666666666666607 0.04351851851851851
0 0.7057291666666667 0.11944444444444444 0.021874999999999978 0.04999999999999999
0 0.71328125 0.19351851851851853 0.020312499999999956 0.0425925925925926
0 0.7208333333333333 0.2875 0.016666666666666607 0.04722222222222222
0 0.7572916666666667 0.34444444444444444 0.025000000000000022 0.05740740740740741
