0 0.02005208333333333 0.06759259259259259 0.021354166666666667 0.05925925925925926
0 0.026041666666666664 0.5981481481481481 0.02708333333333333 0.04814814814814816
0 0.034895833333333334 0.5898148148148148 0.02291666666666667 0.04629629629629628
0 0.04010416666666666 0.45833333333333337 0.01875 0.04999999999999999
0 0.34348958333333335 0.5171296296296296 0.02656249999999999 0.05277777777777776
0 0.4440104166666667 0.7222222222222222 0.0234375 0.051851851851851816
0 0.4760416666666667 0.09953703703703703 0.024999999999999967 0.05277777777777777
0 0.5283854166666666 0.24351851851851852 0.020312500000000067 0.07222222222222222
0 0.5401041666666666 0.12129629629629629 0.018749999999999933 0.04999999999999999
0 0.54375 0.8837962962962963 0.018749999999999933 0.047222222222222276
0 0.5838541666666667 0.3226851851851852 0.02187500000000009 0.04166666666666663
0 0.5895833333333333 0.36944444444444446 0.022916666666666696 0.046296296296296335
0 0.5971354166666667 0.7189814814814814 0.020312499999999956 0.05277777777777781
0 0.61484375 0.7384259259259259 0.0234375 0.04351851851851851
0 0.6697916666666667 0.8138888888888889 0.018750000000000044 0.04629629629629628
