0 0.06197916666666667 0.8601851851851852 0.018749999999999996 0.03888888888888886
0 0.18333333333333335 0.11388888888888889 0.018750000000000017 0.03888888888888889
0 0.5453125000000001 0.6162037037037037 0.021874999999999978 0.05277777777777781
0 0.6734375 0.6703703703703704 0.018750000000000044 0.05555555555555558
0 0.6765625 0.07175925925925926 0.022916666666666585 0.045370370370370366
0 0.7 0.637962962962963 0.019791666666666652 0.04629629629629628
0 0.7231770833333333 0.15833333333333333 0.026562500000000044 0.05185185185185184
0 0.7302083333333333 0.20046296296296295 0.022916666666666696 0.04351851851851851
0 0.7380208333333333 0.24166666666666667 0.018750000000000044 0.04259259259259257
0 0.7518229166666666 0.9462962962962963 0.021354166666666674 0.04629629629629628
0 0.89765625 0.549074074074074 0.014062499999999978 0.02777777777777779
