0 0.005729166666666666 0.6930555555555555 0.011458333333333333 0.06759259259259265
0 0.1484375 0.4726851851851852 0.015625 0.032407407407407385
0 0.15807291666666667 0.0699074074074074 0.02031250000000001 0.03796296296296297
0 0.23281249999999998 0.43472222222222223 0.021875000000000006 0.036111111111111094
0 0.28541666666666665 0.41064814814814815 0.026041666666666685 0.06388888888888888
0 0.34843749999999996 0.34444444444444444 0.01874999999999999 0.04629629629629628
0 0.36302083333333335 0.18564814814814815 0.025000000000000022 0.037962962962962976
0 0.3953125 0.25972222222222224 0.021874999999999978 0.04351851851851854
0 0.4252604166666667 0.2412037037037037 0.017187499999999967 0.03981481481481483
0 0.43125 0.19351851851851853 0.01874999999999999 0.05000000000000002
0 0.4401041666666667 0.1638888888888889 0.015625 0.04999999999999999
0 0.46953125 0.1787037037037037 0.021354166666666674 0.05185185185185184
0 0.5421875 0.7412037037037037 0.01666666666666672 0.03240740740740744
0 0.54609375 0.12546296296296297 0.020312500000000067 0.03611111111111111
