0 0.03697916666666667 0.5601851851851851 0.016666666666666666 0.03888888888888886
0 0.17369791666666667 0.6851851851851851 0.02031250000000001 0.0351851851851851
0 0.19401041666666669 0.06435185185185185 0.020312499999999983 0.03981481481481481
0 0.3046875 0.45833333333333337 0.021874999999999978 0.05185185185185187
0 0.37812500000000004 0.33611111111111114 0.01874999999999999 0.046296296296296335
0 0.39296875 0.18888888888888888 0.02656249999999999 0.05925925925925926
0 0.4252604166666667 0.25462962962962965 0.027604166666666707 0.05185185185185184
0 0.4453125 0.07361111111111111 0.019791666666666652 0.04351851851851852
0 0.45651041666666664 0.24351851851851852 0.0234375 0.0537037037037037
0 0.4591145833333333 0.17916666666666664 0.0234375 0.049074074074074076
0 0.49921875000000004 0.1699074074074074 0.02031250000000001 0.045370370370370366
0 0.5598958333333333 0.6069444444444445 0.02604166666666663 0.06018518518518523
0 0.5640625 0.7777777777777778 0.018750000000000044 0.03888888888888897
0 0.5791666666666666 0.11527777777777778 0.018749999999999933 0.037962962962962976
0 0.6067708333333333 0.4 0.021874999999999978 0.03518518518518515
0 0.6091145833333333 0.4819444444444444 0.020312499999999956 0.04722222222222222
