0 0.18151041666666667 0.9032407407407408 0.0234375 0.03981481481481486
0 0.6385416666666667 0.44351851851851853 0.02499999999999991 0.061111111111111116
0 0.684375 0.6509259259259259 0.021874999999999978 0.04629629629629628
0 0.6859375 0.538888888888889 0.028124999999999956 0.042592592592592626
0 0.6864583333333334 0.0962962962962963 0.02083333333333337 0.05185185185185184
0 0.7317708333333333 0.8416666666666667 0.021874999999999978 0.042592592592592515
0 0.80078125 0.5282407407407408 0.01822916666666674 0.03981481481481486
0 0.8072916666666667 0.8231481481481482 0.014583333333333282 0.03518518518518521
0 0.8328125 0.350462962962963 0.021874999999999978 0.04722222222222222
0 0.8854166666666666 0.8824074074074074 0.019791666666666652 0.042592592592592515
0 0.8869791666666667 0.9652777777777778 0.03749999999999998 0.037962962962962976
