0 0.09375 0.33935185185185185 0.01979166666666668 0.04907407407407405
0 0.13411458333333331 0.3861111111111111 0.018229166666666657 0.04629629629629628
0 0.17526041666666667 0.537962962962963 0.017187500000000022 0.03888888888888897
0 0.24635416666666665 0.08888888888888888 0.018750000000000017 0.06481481481481481
0 0.4078125 0.8675925925925926 0.015625 0.04629629629629628
0 0.4348958333333333 0.14907407407407408 0.017708333333333326 0.04629629629629631
0 0.47760416666666666 0.07037037037037037 0.019791666666666652 0.038888888888888896
0 0.5028645833333333 0.4546296296296296 0.023437499999999944 0.05925925925925929
0 0.525 0.8759259259259259 0.015625 0.03518518518518521
0 0.5356770833333333 0.09722222222222222 0.020312499999999956 0.0425925925925926
0 0.5492187500000001 0.04027777777777777 0.017187500000000022 0.032407407407407406
0 0.6119791666666667 0.5777777777777777 0.013541666666666674 0.02962962962962956
0 0.86796875 0.16944444444444445 0.015104166666666585 0.027777777777777762
0 0.87734375 0.03981481481481482 0.010937500000000044 0.03148148148148148
0 0.9302083333333333 0.6245370370370371 0.022916666666666696 0.036111111111111094
