0 0.0125 0.4398148148148148 0.01875 0.03518518518518521
0 0.020312499999999997 0.44074074074074077 0.019791666666666666 0.03888888888888892
0 0.14505208333333333 0.3773148148148148 0.017187500000000022 0.04907407407407405
0 0.18932291666666667 0.5351851851851852 0.017187499999999994 0.042592592592592626
0 0.4359375 0.15555555555555556 0.02291666666666664 0.04259259259259257
0 0.4408854166666667 0.1462962962962963 0.017187499999999967 0.0425925925925926
0 0.4809895833333333 0.075 0.02135416666666662 0.04259259259259259
0 0.5354166666666667 0.8842592592592593 0.021874999999999978 0.05740740740740746
0 0.5408854166666667 0.8981481481481481 0.01718749999999991 0.03518518518518521
0 0.55546875 0.5675925925925926 0.0234375 0.0351851851851851
0 0.5786458333333333 0.8300925925925926 0.01666666666666672 0.036111111111111094
0 0.60625 0.85 0.015625 0.031481481481481444
0 0.6809895833333334 0.39305555555555555 0.015104166666666696 0.037962962962962976
0 0.8734375 0.976388888888889 0.015625 0.030555555555555558
