0 0.0203125 0.5277777777777778 0.025 0.05740740740740741
0 0.41901041666666666 0.18472222222222223 0.017187500000000022 0.028703703703703703
0 0.42473958333333334 0.10879629629629631 0.020312499999999956 0.047222222222222235
0 0.4546875 0.16342592592592592 0.024999999999999967 0.049074074074074076
0 0.4614583333333333 0.030555555555555555 0.019791666666666707 0.046296296296296294
0 0.47890625 0.1287037037037037 0.02031250000000001 0.046296296296296294
0 0.5223958333333334 0.6337962962962963 0.019791666666666763 0.06018518518518512
0 0.5302083333333334 0.6430555555555555 0.02604166666666663 0.056481481481481466
0 0.5393229166666667 0.6499999999999999 0.0234375 0.042592592592592626
0 0.53984375 0.7305555555555556 0.01822916666666663 0.042592592592592626
