0 0.008333333333333335 0.6388888888888888 0.009375000000000001 0.05555555555555547
0 0.33828125 0.1087962962962963 0.02031250000000001 0.052777777777777785
0 0.35416666666666663 0.6 0.014583333333333337 0.03518518518518521
0 0.3770833333333333 0.44953703703703707 0.019791666666666652 0.0490740740740741
0 0.39739583333333334 0.4847222222222222 0.017708333333333326 0.045370370370370394
0 0.43463541666666666 0.21296296296296297 0.01822916666666663 0.040740740740740744
0 0.44557291666666665 0.13148148148148148 0.0234375 0.0388888888888889
0 0.46744791666666663 0.13981481481481484 0.02031250000000001 0.0425925925925926
0 0.5333333333333333 0.12824074074074074 0.016666666666666607 0.04166666666666667
0 0.6197916666666667 0.4449074074074074 0.025000000000000022 0.04907407407407405
