0 0.16979166666666667 0.9152777777777779 0.02291666666666667 0.03425925925925932
0 0.6442708333333333 0.6499999999999999 0.019791666666666652 0.03888888888888886
0 0.6934895833333333 0.7833333333333333 0.01718749999999991 0.04629629629629628
0 0.6979166666666667 0.7162037037037037 0.018749999999999933 0.03981481481481486
0 0.7106770833333333 0.3800925925925926 0.01822916666666674 0.04907407407407405
0 0.71484375 0.8240740740740741 0.020312499999999956 0.04629629629629628
0 0.7411458333333334 0.32685185185185184 0.018749999999999933 0.05555555555555558
0 0.7596354166666666 0.3314814814814815 0.021354166666666674 0.04629629629629628
0 0.77265625 0.7643518518518518 0.017187500000000022 0.03981481481481475
0 0.7919270833333334 0.6949074074074074 0.01822916666666663 0.037962962962962976
0 0.8041666666666667 0.35416666666666663 0.018750000000000044 0.041666666666666685
0 0.8127604166666667 0.7263888888888889 0.014062499999999978 0.037962962962962976
0 0.84921875 0.9541666666666666 0.04322916666666665 0.030555555555555558
0 0.8674479166666667 0.8810185185185185 0.01822916666666674 0.037962962962962976
0 0.8843749999999999 0.38055555555555554 0.021874999999999978 0.04999999999999999
0 0.9205729166666667 0.12777777777777777 0.014062499999999978 0.031481481481481485
