0 0.020572916666666663 0.3851851851851852 0.020312499999999997 0.0537037037037037
0 0.07005208333333333 0.4444444444444444 0.020312500000000004 0.05925925925925929
0 0.07552083333333334 0.6046296296296296 0.02500000000000001 0.05370370370370381
0 0.2846354166666667 0.6847222222222222 0.02031250000000001 0.056481481481481466
0 0.3861979166666667 0.5226851851851853 0.024479166666666663 0.045370370370370394
0 0.39166666666666666 0.41944444444444445 0.02604166666666663 0.042592592592592626
0 0.4903645833333333 0.15324074074074073 0.020312499999999956 0.045370370370370366
0 0.5067708333333334 0.21203703703703702 0.01666666666666672 0.027777777777777762
0 0.5106770833333334 0.11574074074074076 0.020312500000000067 0.05
0 0.5458333333333334 0.18611111111111112 0.021874999999999978 0.04999999999999999
0 0.55078125 0.03472222222222222 0.0234375 0.05648148148148147
0 0.57265625 0.7976851851851852 0.020312499999999956 0.04166666666666663
0 0.5734375 0.01851851851851852 0.018749999999999933 0.031481481481481485
0 0.5734375 0.06018518518518519 0.01666666666666672 0.0425925925925926
0 0.57578125 0.1388888888888889 0.024479166666666607 0.046296296296296294
0 0.6190104166666667 0.3324074074074074 0.0234375 0.03888888888888892
0 0.6294270833333333 0.6990740740740741 0.0234375 0.06481481481481488
0 0.6502604166666667 0.8101851851851851 0.01718749999999991 0.03888888888888886
0 0.6515625 0.7162037037037037 0.019791666666666652 0.04166666666666663
0 0.7442708333333333 0.10370370370370371 0.019791666666666652 0.031481481481481485
