0 0.01953125 0.5388888888888889 0.0171875 0.03518518518518521
0 0.1578125 0.46759259259259256 0.016666666666666663 0.04259259259259257
0 0.484375 0.2375 0.018750000000000044 0.04907407407407405
0 0.5205729166666666 0.16898148148148148 0.017187500000000022 0.041666666666666685
0 0.5572916666666667 0.7134259259259259 0.01666666666666672 0.03981481481481475
0 0.5778645833333333 0.975462962962963 0.01822916666666674 0.04351851851851851
0 0.5903645833333333 0.08796296296296297 0.015104166666666696 0.03518518518518518
0 0.59296875 0.18287037037037035 0.021354166666666674 0.03611111111111112
0 0.603125 0.7824074074074074 0.015625 0.03518518518518521
0 0.6580729166666667 0.1837962962962963 0.01718749999999991 0.037962962962962976
