0 0.015885416666666666 0.9583333333333333 0.018229166666666668 0.03888888888888886
0 0.09661458333333334 0.5111111111111111 0.020312499999999997 0.042592592592592626
0 0.16848958333333333 0.6074074074074074 0.02031250000000001 0.04629629629629628
0 0.18723958333333335 0.6351851851851852 0.021354166666666646 0.031481481481481444
0 0.24661458333333333 0.44027777777777777 0.018229166666666685 0.05277777777777781
0 0.5916666666666667 0.7328703703703703 0.02499999999999991 0.03981481481481486
0 0.6229166666666667 0.14537037037037037 0.02187500000000009 0.05185185185185186
0 0.6690104166666666 0.062037037037037036 0.021354166666666674 0.046296296296296294
0 0.7528645833333334 0.8972222222222223 0.020312500000000067 0.051851851851851816
0 0.7588541666666666 0.8236111111111111 0.021874999999999978 0.047222222222222165
0 0.7833333333333333 0.11805555555555555 0.018750000000000044 0.04907407407407409
0 0.7861979166666666 0.7898148148148147 0.017187500000000022 0.042592592592592626
0 0.8002604166666667 0.9055555555555556 0.017187500000000022 0.04629629629629628
0 0.8546875 0.11944444444444444 0.021874999999999978 0.04999999999999999
0 0.9020833333333333 0.4731481481481482 0.028124999999999956 0.06666666666666671
