0 0.009375 0.8291666666666666 0.01875 0.06759259259259254
0 0.011718749999999998 0.13425925925925924 0.020312499999999997 0.06481481481481481
0 0.16354166666666667 0.46851851851851856 0.012500000000000011 0.03518518518518515
0 0.2986979166666667 0.44120370370370365 0.02031250000000001 0.04722222222222222
0 0.3807291666666667 0.1837962962962963 0.021874999999999978 0.0398148148148148
0 0.4091145833333333 0.25416666666666665 0.024479166666666663 0.045370370370370366
0 0.42421875 0.3310185185185185 0.02031250000000001 0.041666666666666685
0 0.42838541666666663 0.1638888888888889 0.017187499999999967 0.0314814814814815
0 0.4453125 0.18518518518518517 0.021874999999999978 0.04629629629629631
0 0.45598958333333334 0.1597222222222222 0.017187500000000022 0.049074074074074076
0 0.48151041666666666 0.1685185185185185 0.01822916666666663 0.03888888888888889
0 0.55703125 0.12175925925925926 0.020312499999999956 0.03981481481481482
0 0.5859375 0.46296296296296297 0.019791666666666652 0.050000000000000044
