0 0.11588541666666666 0.3731481481481481 0.023437499999999986 0.046296296296296335
0 0.1375 0.3032407407407407 0.016666666666666663 0.04722222222222222
0 0.14296874999999998 0.612037037037037 0.017187499999999994 0.042592592592592515
0 0.17578125 0.26481481481481484 0.0234375 0.05925925925925926
0 0.18828125 0.28425925925925927 0.021354166666666646 0.061111111111111116
0 0.23203125000000002 0.4712962962962963 0.015104166666666669 0.03888888888888892
0 0.25494791666666666 0.11712962962962964 0.021354166666666674 0.026851851851851863
0 0.40208333333333335 0.3574074074074074 0.020833333333333315 0.03888888888888886
0 0.40937500000000004 0.3375 0.01874999999999999 0.04537037037037034
0 0.628125 0.6064814814814814 0.01666666666666672 0.03888888888888886
0 0.6429687500000001 0.49444444444444446 0.029687499999999978 0.04444444444444451
0 0.6518229166666667 0.6305555555555555 0.01822916666666663 0.042592592592592626
0 0.6690104166666666 0.04120370370370371 0.021354166666666674 0.05648148148148149
