0 0.00859375 0.7208333333333333 0.015104166666666669 0.047222222222222276
0 0.0703125 0.12685185185185185 0.018749999999999996 0.05555555555555554
0 0.3028645833333333 0.6287037037037038 0.0234375 0.04999999999999993
0 0.4044270833333333 0.825 0.02031250000000001 0.04999999999999993
0 0.43229166666666663 0.20185185185185184 0.021875000000000033 0.05185185185185184
0 0.44661458333333337 0.7935185185185185 0.029687500000000033 0.04629629629629628
0 0.47760416666666666 0.11018518518518518 0.018750000000000044 0.05185185185185184
0 0.49713541666666666 0.8199074074074074 0.01822916666666663 0.04907407407407405
0 0.5018229166666667 0.22546296296296298 0.0234375 0.056481481481481494
0 0.52890625 0.9180555555555556 0.020312499999999956 0.036111111111111094
0 0.5341145833333334 0.06898148148148148 0.020312500000000067 0.03425925925925926
0 0.5473958333333333 0.8467592592592592 0.018750000000000044 0.037962962962962976
0 0.5622395833333333 0.8083333333333333 0.020312499999999956 0.05740740740740735
0 0.6453125 0.4726851851851852 0.025000000000000022 0.0398148148148148
0 0.84375 0.6462962962962964 0.018750000000000044 0.0537037037037037
