0 0.07760416666666667 0.41481481481481486 0.018750000000000003 0.05740740740740741
0 0.13255208333333332 0.6069444444444445 0.020312499999999997 0.047222222222222165
0 0.3729166666666667 0.5337962962962963 0.019791666666666652 0.03981481481481486
0 0.39140625 0.5069444444444444 0.0234375 0.05277777777777776
0 0.43046875 0.42962962962962964 0.0234375 0.04629629629629628
0 0.49296875 0.13055555555555554 0.021354166666666674 0.05185185185185184
0 0.5104166666666666 0.6833333333333333 0.026041666666666685 0.04629629629629628
0 0.5591145833333333 0.15138888888888888 0.017187500000000022 0.04351851851851851
0 0.6361979166666667 0.8083333333333333 0.017187500000000022 0.042592592592592515
0 0.6598958333333333 0.7689814814814815 0.021874999999999978 0.04537037037037028
0 0.6953125 0.3842592592592593 0.02187500000000009 0.04259259259259257
0 0.98046875 0.10509259259259258 0.020312499999999956 0.04166666666666666
