0 0.0078125 0.9657407407407408 0.015625 0.03888888888888886
0 0.015364583333333334 0.962962962962963 0.0171875 0.0351851851851851
0 0.09947916666666667 0.5162037037037037 0.018750000000000003 0.04351851851851851
0 0.15416666666666667 0.4199074074074074 0.015625 0.041666666666666685
0 0.25364583333333335 0.44675925925925924 0.01874999999999999 0.056481481481481466
0 0.29140625 0.8703703703703703 0.018229166666666685 0.031481481481481444
0 0.63359375 0.1685185185185185 0.020312500000000067 0.05555555555555555
0 0.68125 0.08518518518518518 0.019791666666666652 0.0462962962962963
0 0.753125 0.9175925925925925 0.018749999999999933 0.042592592592592626
0 0.7643229166666667 0.8453703703703703 0.020312500000000067 0.042592592592592626
0 0.7914062500000001 0.8125 0.017187500000000022 0.03981481481481475
0 0.8239583333333333 0.799537037037037 0.016666666666666607 0.03240740740740744
