0 0.011718749999999998 0.1300925925925926 0.020312499999999997 0.05277777777777777
0 0.36041666666666666 0.5291666666666667 0.021874999999999978 0.05277777777777781
0 0.41901041666666666 0.19166666666666665 0.0234375 0.03888888888888889
0 0.4614583333333333 0.16064814814814815 0.01874999999999999 0.045370370370370366
0 0.48307291666666663 0.08472222222222223 0.02031250000000001 0.03611111111111111
0 0.4927083333333333 0.3027777777777778 0.015624999999999944 0.03518518518518515
0 0.503125 0.18564814814814815 0.018749999999999933 0.04351851851851851
0 0.55078125 0.7375 0.0234375 0.0527777777777777
0 0.58515625 0.12824074074074074 0.026562499999999933 0.04166666666666667
0 0.6278645833333334 0.13472222222222224 0.021354166666666674 0.049074074074074076
