0 0.04791666666666667 0.5518518518518518 0.015625 0.033333333333333326
0 0.38203125 0.35277777777777775 0.017187500000000022 0.03518518518518515
0 0.39869791666666665 0.18055555555555558 0.027604166666666652 0.03888888888888889
0 0.43385416666666665 0.25787037037037036 0.029166666666666674 0.04907407407407405
0 0.4390625 0.34675925925925927 0.016666666666666663 0.03240740740740744
0 0.44947916666666665 0.29120370370370374 0.015625 0.041666666666666685
0 0.45234375000000004 0.0699074074074074 0.02031250000000001 0.04351851851851851
0 0.465625 0.2425925925925926 0.022916666666666696 0.05185185185185187
0 0.4671875 0.17685185185185184 0.024999999999999967 0.0537037037037037
0 0.50625 0.17314814814814816 0.016666666666666607 0.0425925925925926
0 0.56640625 0.3212962962962963 0.01718749999999991 0.03518518518518521
0 0.584375 0.12129629629629629 0.018750000000000044 0.0388888888888889
0 0.6026041666666666 0.12083333333333332 0.017708333333333326 0.04722222222222221
0 0.6088541666666667 0.4046296296296296 0.018750000000000044 0.02777777777777779
0 0.6130208333333333 0.46759259259259256 0.018750000000000044 0.046296296296296335
0 0.6161458333333334 0.437962962962963 0.019791666666666763 0.03888888888888892
0 0.6166666666666667 0.4148148148148148 0.021874999999999978 0.03518518518518521
