0 0.009375 0.34444444444444444 0.015625 0.05555555555555558
0 0.054947916666666666 0.4185185185185185 0.020312500000000004 0.0537037037037037
0 0.3716145833333333 0.5032407407407408 0.02656249999999999 0.047222222222222276
0 0.4825520833333333 0.1189814814814815 0.02031250000000001 0.047222222222222235
0 0.49583333333333335 0.18055555555555555 0.018750000000000044 0.0314814814814815
0 0.5052083333333333 0.08518518518518518 0.021874999999999978 0.05000000000000001
0 0.5393229166666667 0.1597222222222222 0.027604166666666652 0.056481481481481494
0 0.540625 0.02314814814814815 0.018750000000000044 0.031481481481481485
0 0.5559895833333333 0.20925925925925926 0.01822916666666663 0.03518518518518518
0 0.5640625 0.11527777777777778 0.019791666666666652 0.05277777777777777
0 0.5661458333333333 0.7814814814814814 0.021874999999999978 0.03888888888888886
0 0.6151041666666667 0.3074074074074074 0.019791666666666652 0.03518518518518521
0 0.6197916666666667 0.6888888888888889 0.025000000000000022 0.05740740740740735
0 0.63984375 0.8009259259259259 0.017187500000000022 0.042592592592592515
0 0.640625 0.9624999999999999 0.019791666666666652 0.025000000000000022
0 0.6447916666666667 0.7074074074074075 0.022916666666666696 0.04999999999999993
0 0.7020833333333334 0.3680555555555556 0.022916666666666585 0.030555555555555558
