0 0.01328125 0.05648148148148148 0.021354166666666667 0.05925925925925926
0 0.02890625 0.600462962962963 0.026562500000000003 0.047222222222222276
0 0.034374999999999996 0.5888888888888889 0.022916666666666665 0.04629629629629628
0 0.034375 0.437962962962963 0.018749999999999996 0.04999999999999999
0 0.34401041666666665 0.5143518518518518 0.02656249999999999 0.05277777777777776
0 0.44609375 0.7148148148148148 0.0234375 0.051851851851851816
0 0.47682291666666665 0.09675925925925927 0.024479166666666663 0.05277777777777777
0 0.5283854166666666 0.24212962962962964 0.020312500000000067 0.0712962962962963
0 0.5395833333333333 0.11851851851851852 0.018750000000000044 0.05
0 0.5479166666666666 0.8736111111111111 0.018749999999999933 0.047222222222222276
0 0.5848958333333334 0.31805555555555554 0.021874999999999978 0.041666666666666685
0 0.5903645833333333 0.3564814814814815 0.0234375 0.046296296296296335
0 0.6002604166666667 0.7143518518518519 0.020312500000000067 0.0527777777777777
0 0.6184895833333334 0.7226851851851852 0.0234375 0.04351851851851851
0 0.66875 0.812962962962963 0.018749999999999933 0.04629629629629628
