0 0.018489583333333334 0.7680555555555555 0.0265625 0.056481481481481466
0 0.07526041666666666 0.5259259259259259 0.020312499999999997 0.05370370370370375
0 0.12864583333333335 0.7148148148148148 0.018750000000000003 0.03888888888888886
0 0.4669270833333333 0.2638888888888889 0.02031250000000001 0.04999999999999996
0 0.5083333333333333 0.1824074074074074 0.015625 0.03888888888888889
0 0.5091145833333333 0.3731481481481481 0.029687499999999978 0.05925925925925929
0 0.5895833333333333 0.2087962962962963 0.028124999999999956 0.056481481481481494
0 0.5997395833333333 0.9101851851851852 0.01822916666666674 0.042592592592592626
0 0.6013020833333333 0.8212962962962963 0.020312499999999956 0.04629629629629628
0 0.6234375000000001 0.8791666666666667 0.021874999999999978 0.04907407407407405
