0 0.20677083333333335 0.9305555555555556 0.021875000000000006 0.03518518518518521
0 0.6653645833333333 0.03796296296296296 0.02447916666666672 0.049999999999999996
0 0.6666666666666667 0.10740740740740741 0.018749999999999933 0.04629629629629631
0 0.6739583333333333 0.6527777777777777 0.022916666666666696 0.0537037037037037
0 0.68203125 0.18009259259259258 0.0234375 0.056481481481481494
0 0.7828125 0.3416666666666667 0.018750000000000044 0.042592592592592626
0 0.7966145833333333 0.8375 0.020312499999999956 0.037962962962962976
0 0.8591145833333333 0.9680555555555554 0.024479166666666607 0.030555555555555558
0 0.8703125 0.9671296296296297 0.03541666666666665 0.03240740740740733
0 0.8833333333333333 0.8888888888888888 0.018750000000000044 0.0351851851851851
0 0.90546875 0.38981481481481484 0.021354166666666674 0.05185185185185187
0 0.99140625 0.7777777777777777 0.014062499999999978 0.02777777777777779
