0 0.00625 0.9180555555555556 0.0125 0.03425925925925932
0 0.07473958333333333 0.6606481481481481 0.027604166666666673 0.0527777777777777
0 0.13307291666666665 0.7597222222222222 0.020312499999999997 0.04907407407407405
0 0.17578125 0.29027777777777775 0.021354166666666674 0.05277777777777776
0 0.22552083333333334 0.5097222222222222 0.01874999999999999 0.03796296296296292
0 0.24296875 0.7856481481481481 0.0234375 0.04166666666666663
0 0.534375 0.3388888888888889 0.021874999999999978 0.04999999999999999
0 0.6252604166666667 0.5648148148148149 0.021354166666666674 0.0351851851851851
0 0.6346354166666667 0.059259259259259255 0.020312499999999956 0.046296296296296294
0 0.6359375 0.23981481481481481 0.018749999999999933 0.0425925925925926
0 0.6442708333333333 0.5726851851851852 0.021874999999999978 0.037962962962962976
0 0.6854166666666667 0.07546296296296295 0.018750000000000044 0.05648148148148148
0 0.7044270833333333 0.15046296296296297 0.020312500000000067 0.04351851851851851
0 0.7085937499999999 0.6967592592592593 0.014062499999999978 0.036111111111111094
