0 0.15625 0.6305555555555555 0.019791666666666652 0.03888888888888886
0 0.24713541666666666 0.4810185185185185 0.020312499999999983 0.05277777777777781
0 0.5072916666666667 0.5925925925925926 0.019791666666666707 0.04629629629629628
0 0.5184895833333334 0.5726851851851852 0.01822916666666663 0.04537037037037028
0 0.6294270833333333 0.20601851851851852 0.020312499999999956 0.05277777777777776
0 0.6791666666666667 0.12962962962962962 0.018750000000000044 0.04999999999999999
0 0.7401041666666667 0.9490740740740741 0.018750000000000044 0.042592592592592515
0 0.7544270833333333 0.875462962962963 0.020312499999999956 0.04351851851851851
0 0.8330729166666666 0.5560185185185185 0.021354166666666674 0.04351851851851851
0 0.8520833333333333 0.16435185185185186 0.021874999999999978 0.04351851851851851
