0 0.017708333333333333 0.5092592592592593 0.025 0.05740740740740741
0 0.41901041666666666 0.17638888888888887 0.017187500000000022 0.028703703703703703
0 0.41953125 0.09861111111111111 0.02031250000000001 0.04722222222222222
0 0.45416666666666666 0.15046296296296297 0.025000000000000022 0.049074074074074076
0 0.45989583333333334 0.028703703703703703 0.019791666666666652 0.046296296296296294
0 0.47526041666666663 0.11574074074074074 0.02031250000000001 0.04629629629629631
0 0.5223958333333334 0.6245370370370371 0.019791666666666763 0.06018518518518523
0 0.5260416666666667 0.6319444444444444 0.02604166666666663 0.056481481481481466
0 0.5348958333333333 0.6472222222222221 0.023958333333333304 0.042592592592592626
0 0.5377604166666667 0.7175925925925926 0.01822916666666663 0.042592592592592626
