0 0.029166666666666667 0.5546296296296296 0.016666666666666666 0.03888888888888886
0 0.18619791666666669 0.06203703703703704 0.020312499999999983 0.038888888888888896
0 0.29791666666666666 0.45925925925925926 0.021874999999999978 0.051851851851851816
0 0.3734375 0.33611111111111114 0.01874999999999999 0.046296296296296335
0 0.3846354166666667 0.18333333333333335 0.02656249999999999 0.05925925925925926
0 0.41119791666666666 0.24814814814814815 0.027604166666666652 0.05185185185185187
0 0.4369791666666667 0.0625 0.019791666666666707 0.04351851851851851
0 0.44765625 0.2416666666666667 0.0234375 0.053703703703703726
0 0.45338541666666665 0.1736111111111111 0.0234375 0.049074074074074076
0 0.48932291666666666 0.17453703703703705 0.020312499999999956 0.045370370370370366
0 0.5473958333333333 0.5967592592592592 0.02604166666666663 0.06018518518518523
0 0.5552083333333333 0.7805555555555556 0.018750000000000044 0.03888888888888897
0 0.5723958333333333 0.12361111111111112 0.018750000000000044 0.037962962962962976
0 0.596875 0.39444444444444443 0.021874999999999978 0.03518518518518521
0 0.5981770833333333 0.4875 0.020312499999999956 0.047222222222222165
