0 0.009635416666666665 0.812962962962963 0.018229166666666664 0.03518518518518521
0 0.18229166666666669 0.33564814814814814 0.018750000000000017 0.04351851851851851
0 0.21223958333333331 0.29212962962962963 0.020312499999999983 0.04907407407407405
0 0.36614583333333334 0.42638888888888893 0.025000000000000022 0.060185185185185175
0 0.49374999999999997 0.5555555555555556 0.021874999999999978 0.04629629629629628
0 0.5177083333333333 0.5694444444444444 0.016666666666666607 0.051851851851851816
0 0.534375 0.913425925925926 0.01666666666666672 0.04351851851851851
0 0.7036458333333333 0.11944444444444444 0.021874999999999978 0.04999999999999999
0 0.7111979166666667 0.20185185185185184 0.020312499999999956 0.0425925925925926
0 0.721875 0.29212962962962963 0.01666666666666672 0.04722222222222222
0 0.7520833333333333 0.3407407407407408 0.02499999999999991 0.05740740740740741
