0 0.04791666666666666 0.37175925925925923 0.018749999999999996 0.0490740740740741
0 0.09322916666666667 0.5972222222222222 0.018750000000000003 0.031481481481481444
0 0.27447916666666666 0.1787037037037037 0.021874999999999978 0.02407407407407408
0 0.5583333333333333 0.55 0.022916666666666696 0.05555555555555547
0 0.6734374999999999 0.19907407407407407 0.029166666666666674 0.06666666666666665
0 0.6955729166666667 0.9648148148148148 0.027604166666666652 0.050000000000000044
0 0.7065104166666667 0.25462962962962965 0.021354166666666674 0.03888888888888889
0 0.7213541666666667 0.7583333333333333 0.021874999999999978 0.04629629629629628
0 0.7630208333333334 0.31712962962962965 0.019791666666666652 0.0490740740740741
0 0.7653645833333333 0.24814814814814817 0.026562500000000044 0.04629629629629631
0 0.7752604166666667 0.3564814814814815 0.01718749999999991 0.04259259259259257
