0 0.1640625 0.9087962962962963 0.01874999999999999 0.04351851851851851
0 0.6502604166666667 0.6444444444444444 0.01822916666666674 0.042592592592592626
0 0.6575520833333333 0.3476851851851852 0.014062499999999978 0.03796296296296292
0 0.6625000000000001 0.15787037037037038 0.025000000000000022 0.052777777777777785
0 0.68125 0.7527777777777778 0.018750000000000044 0.04629629629629628
0 0.6955729166666667 0.7861111111111112 0.017187500000000022 0.042592592592592626
0 0.7164062499999999 0.38101851851851853 0.017187500000000022 0.056481481481481466
0 0.7447916666666667 0.31666666666666665 0.018749999999999933 0.04444444444444445
0 0.76796875 0.32592592592592595 0.0234375 0.05370370370370375
0 0.778125 0.826851851851852 0.018749999999999933 0.03888888888888886
0 0.8458333333333333 0.9587962962962964 0.03541666666666665 0.026851851851851793
0 0.865625 0.875925925925926 0.016666666666666607 0.031481481481481555
0 0.89140625 0.38055555555555554 0.020312500000000067 0.04259259259259257
0 0.9703125 0.4273148148148148 0.015625 0.037962962962962976
