0 0.18098958333333334 0.9087962962962963 0.0234375 0.03981481481481486
0 0.6369791666666667 0.4375 0.025000000000000022 0.06018518518518523
0 0.671875 0.5425925925925925 0.028124999999999956 0.042592592592592626
0 0.6765625 0.6592592592592592 0.021874999999999978 0.04629629629629639
0 0.6841145833333333 0.09166666666666667 0.020312499999999956 0.05185185185185186
0 0.7010416666666667 0.1625 0.019791666666666652 0.04722222222222222
0 0.7145833333333333 0.8231481481481482 0.021874999999999978 0.042592592592592626
0 0.7971354166666667 0.5347222222222222 0.01822916666666674 0.03981481481481475
0 0.7986979166666667 0.763425925925926 0.01718749999999991 0.030555555555555558
0 0.8018229166666666 0.8388888888888889 0.014062499999999978 0.03518518518518521
0 0.8291666666666666 0.3569444444444444 0.021874999999999978 0.04722222222222222
0 0.8812500000000001 0.9699074074074074 0.03749999999999998 0.037962962962962976
0 0.8817708333333334 0.8972222222222221 0.019791666666666763 0.042592592592592626
