0 0.022395833333333337 0.7074074074074075 0.028125000000000004 0.059259259259259234
0 0.3171875 0.6203703703703705 0.022916666666666696 0.04814814814814816
0 0.44791666666666663 0.18148148148148147 0.021875000000000033 0.05185185185185184
0 0.45989583333333334 0.7907407407407407 0.025000000000000022 0.04629629629629628
0 0.49635416666666665 0.10555555555555556 0.01874999999999999 0.04629629629629631
0 0.55703125 0.061111111111111116 0.020312499999999956 0.03518518518518519
0 0.5796875 0.8217592592592593 0.018750000000000044 0.047222222222222165
0 0.6565104166666667 0.4828703703703704 0.024479166666666607 0.037962962962962976
0 0.96875 0.6087962962962963 0.016666666666666607 0.036111111111111094
0 0.9869791666666667 0.8597222222222223 0.018749999999999933 0.04166666666666663
