0 0.06927083333333334 0.9537037037037037 0.025 0.04629629629629628
0 0.6158854166666667 0.7856481481481481 0.01822916666666663 0.04907407407407416
0 0.6341145833333333 0.8185185185185185 0.017187500000000022 0.050000000000000044
0 0.64453125 0.750925925925926 0.01718749999999991 0.042592592592592626
0 0.6559895833333333 0.4083333333333333 0.020312499999999956 0.04629629629629628
0 0.6791666666666667 0.4597222222222222 0.018750000000000044 0.04351851851851851
0 0.6942708333333334 0.7851851851851852 0.018749999999999933 0.03888888888888886
0 0.70546875 0.17916666666666667 0.020312499999999956 0.05277777777777776
0 0.7895833333333333 0.9796296296296296 0.04062500000000002 0.031481481481481444
0 0.8278645833333333 0.8004629629629629 0.014062499999999978 0.036111111111111094
