0 0.07005208333333333 0.912962962962963 0.0171875 0.050000000000000044
0 0.4359375 0.13055555555555556 0.01874999999999999 0.042592592592592585
0 0.5158854166666667 0.8731481481481481 0.01822916666666674 0.050000000000000044
0 0.53984375 0.07453703703703704 0.01822916666666663 0.04351851851851852
0 0.5463541666666667 0.6773148148148148 0.015625 0.036111111111111205
0 0.55078125 0.9 0.024479166666666607 0.031481481481481444
0 0.6627604166666667 0.40648148148148144 0.020312500000000067 0.03888888888888892
0 0.6773437499999999 0.3824074074074074 0.017187500000000022 0.03888888888888886
0 0.9567708333333333 0.5611111111111111 0.015625 0.03888888888888897
0 0.97265625 0.2240740740740741 0.014062500000000089 0.03148148148148147
0 0.9934895833333333 0.15185185185185185 0.010937499999999933 0.04259259259259257
