0 0.08385416666666667 0.42314814814814816 0.018750000000000003 0.05740740740740741
0 0.13776041666666666 0.6310185185185185 0.02031250000000001 0.047222222222222276
0 0.3723958333333333 0.537962962962963 0.019791666666666652 0.03888888888888897
0 0.38776041666666666 0.5310185185185186 0.0234375 0.05277777777777781
0 0.4309895833333333 0.4425925925925926 0.0234375 0.04629629629629628
0 0.4877604166666667 0.14444444444444443 0.02135416666666662 0.05185185185185184
0 0.5052083333333333 0.6944444444444444 0.02604166666666663 0.04629629629629628
0 0.55546875 0.17083333333333334 0.017187500000000022 0.04351851851851851
0 0.6315104166666667 0.8222222222222222 0.017187500000000022 0.042592592592592626
0 0.6640625 0.7722222222222221 0.02187500000000009 0.0444444444444444
0 0.6937500000000001 0.4037037037037037 0.021874999999999978 0.04259259259259257
0 0.9747395833333333 0.11666666666666667 0.020312499999999956 0.040740740740740744
