0 0.28802083333333334 0.46018518518518514 0.021874999999999978 0.04999999999999999
0 0.60703125 0.1675925925925926 0.0234375 0.04999999999999999
0 0.6544270833333334 0.8240740740740741 0.021354166666666674 0.03888888888888897
0 0.721875 0.6518518518518519 0.021874999999999978 0.0351851851851851
0 0.7268229166666667 0.10138888888888889 0.0234375 0.05277777777777777
0 0.74140625 0.15092592592592594 0.02447916666666672 0.05370370370370371
0 0.8143229166666667 0.4212962962962963 0.01822916666666674 0.04629629629629628
0 0.8333333333333333 0.7546296296296297 0.018749999999999933 0.031481481481481444
0 0.8335937499999999 0.8277777777777777 0.017187500000000022 0.04629629629629639
0 0.8489583333333333 0.11296296296296296 0.018749999999999933 0.059259259259259275
0 0.95 0.38611111111111107 0.018749999999999933 0.04259259259259257
0 0.9624999999999999 0.20277777777777778 0.02604166666666663 0.08148148148148149
