0 0.07213541666666667 0.8972222222222223 0.014062499999999992 0.031481481481481444
0 0.284375 0.5467592592592593 0.021874999999999978 0.04907407407407405
0 0.40885416666666663 0.1287037037037037 0.024999999999999967 0.05185185185185184
0 0.446875 0.025462962962962965 0.021875000000000033 0.04537037037037037
0 0.47968750000000004 0.2949074074074074 0.01874999999999999 0.0398148148148148
0 0.5216145833333333 0.8009259259259259 0.0234375 0.04629629629629628
0 0.5453125 0.7291666666666667 0.028124999999999956 0.0712962962962963
0 0.5578125 0.25277777777777777 0.028125000000000067 0.059259259259259234
0 0.5908854166666666 0.1023148148148148 0.02447916666666672 0.04722222222222221
0 0.9791666666666666 0.8837962962962963 0.019791666666666652 0.03981481481481475
