0 0.20937499999999998 0.9282407407407407 0.021875000000000006 0.037962962962962976
0 0.71484375 0.5560185185185185 0.026562500000000044 0.04166666666666663
0 0.7166666666666667 0.6555555555555556 0.02499999999999991 0.04629629629629628
0 0.73828125 0.14953703703703702 0.024479166666666607 0.04722222222222222
0 0.83125 0.3231481481481482 0.018749999999999933 0.04259259259259257
0 0.83125 0.8407407407407408 0.014583333333333282 0.0444444444444444
0 0.8356770833333333 0.7574074074074074 0.020312499999999956 0.031481481481481444
0 0.8708333333333333 0.3611111111111111 0.018750000000000044 0.03888888888888886
0 0.92578125 0.9740740740740741 0.042187500000000044 0.03888888888888886
0 0.9557291666666667 0.3564814814814815 0.021874999999999978 0.04259259259259257
0 0.9578125 0.3907407407407407 0.01666666666666672 0.03888888888888892
