0 0.008333333333333333 0.31018518518518523 0.0125 0.05740740740740741
0 0.04505208333333333 0.5277777777777778 0.026562500000000003 0.051851851851851816
0 0.090625 0.7861111111111111 0.016666666666666663 0.031481481481481444
0 0.3260416666666667 0.4736111111111111 0.021874999999999978 0.041666666666666685
0 0.44427083333333334 0.1912037037037037 0.03125 0.049074074074074076
0 0.4479166666666667 0.11018518518518519 0.019791666666666652 0.046296296296296294
0 0.49348958333333337 0.2365740740740741 0.02031250000000001 0.056481481481481494
0 0.509375 0.9703703703703703 0.015625 0.03518518518518521
0 0.51015625 0.13564814814814816 0.0234375 0.043518518518518526
0 0.6067708333333333 0.12407407407407407 0.021874999999999978 0.03888888888888889
0 0.6255208333333333 0.37546296296296294 0.021874999999999978 0.037962962962962976
