0 0.15390625 0.7828703703703703 0.02031250000000001 0.036111111111111094
0 0.34375 0.3861111111111111 0.025000000000000022 0.04629629629629628
0 0.5197916666666667 0.7518518518518519 0.018750000000000044 0.04629629629629628
0 0.5223958333333334 0.6634259259259259 0.02604166666666663 0.047222222222222165
0 0.5619791666666667 0.10138888888888889 0.017708333333333326 0.04907407407407406
0 0.58515625 0.1912037037037037 0.0234375 0.037962962962962976
0 0.5901041666666667 0.5740740740740741 0.021874999999999978 0.059259259259259345
0 0.5981770833333333 0.22916666666666669 0.026562500000000044 0.03240740740740741
0 0.60859375 0.6833333333333333 0.017187500000000022 0.050000000000000044
0 0.9864583333333333 0.47870370370370374 0.018750000000000044 0.03518518518518515
