0 0.00703125 0.7898148148148147 0.0140625 0.031481481481481555
0 0.011718749999999998 0.5953703703703703 0.020312499999999997 0.042592592592592626
0 0.01875 0.6550925925925926 0.019791666666666666 0.056481481481481466
0 0.184375 0.624537037037037 0.016666666666666663 0.04351851851851851
0 0.3611979166666667 0.31018518518518523 0.02656249999999999 0.05740740740740741
0 0.41041666666666665 0.11018518518518519 0.025000000000000022 0.038888888888888876
0 0.41041666666666665 0.18472222222222223 0.015625 0.03796296296296295
0 0.42890625000000004 0.11388888888888889 0.02031250000000001 0.03518518518518518
0 0.44817708333333334 0.10787037037037037 0.020312499999999956 0.04537037037037038
0 0.5036458333333333 0.09490740740740741 0.018750000000000044 0.04166666666666667
0 0.5979166666666667 0.4189814814814815 0.022916666666666696 0.04351851851851857
