0 0.5841145833333333 0.17638888888888887 0.0234375 0.045370370370370366
0 0.60859375 0.15925925925925927 0.020312500000000067 0.05185185185185184
0 0.7299479166666667 0.08148148148148149 0.020312499999999956 0.05185185185185186
0 0.73359375 0.649537037037037 0.0234375 0.03981481481481475
0 0.7432291666666666 0.5319444444444444 0.019791666666666763 0.03981481481481475
0 0.7479166666666667 0.1564814814814815 0.02083333333333326 0.05185185185185184
0 0.759375 0.7444444444444445 0.016666666666666607 0.04814814814814816
0 0.7822916666666666 0.7092592592592593 0.021874999999999978 0.03888888888888897
0 0.7869791666666667 0.23425925925925928 0.03229166666666661 0.053703703703703726
0 0.8 0.7050925925925926 0.018749999999999933 0.047222222222222276
0 0.82421875 0.4111111111111111 0.01822916666666674 0.04444444444444445
