0 0.0125 0.4393518518518519 0.01875 0.02870370370370373
0 0.04791666666666666 0.46990740740740744 0.01666666666666667 0.03425925925925927
0 0.12291666666666667 0.6935185185185185 0.02187499999999999 0.04629629629629628
0 0.18984374999999998 0.24212962962962964 0.015104166666666669 0.02685185185185182
0 0.4330729166666667 0.1375 0.017187499999999967 0.045370370370370366
0 0.5205729166666666 0.874074074074074 0.020312500000000067 0.0537037037037037
0 0.5497395833333334 0.6847222222222222 0.015104166666666585 0.03240740740740744
0 0.5697916666666667 0.05138888888888889 0.013541666666666674 0.03425925925925926
0 0.5979166666666667 0.28101851851851856 0.019791666666666652 0.041666666666666685
0 0.6255208333333333 0.1050925925925926 0.018750000000000044 0.03981481481481482
0 0.678125 0.3888888888888889 0.016666666666666607 0.03888888888888886
0 0.9666666666666667 0.22499999999999998 0.015625 0.03148148148148147
