0 0.00625 0.08981481481481482 0.0125 0.06851851851851852
0 0.134375 0.42268518518518516 0.016666666666666663 0.03425925925925927
0 0.3510416666666667 0.14907407407407408 0.021875000000000033 0.03888888888888889
0 0.3645833333333333 0.9587962962962964 0.015625 0.036111111111111094
0 0.37994791666666666 0.21666666666666667 0.0234375 0.0425925925925926
0 0.39427083333333335 0.175462962962963 0.015625 0.045370370370370366
0 0.4184895833333333 0.1509259259259259 0.02135416666666662 0.0425925925925926
0 0.5221354166666667 0.0912037037037037 0.017187500000000022 0.037962962962962976
0 0.5515625 0.4180555555555555 0.018749999999999933 0.04722222222222222
0 0.99375 0.5601851851851851 0.012499999999999956 0.0351851851851851
