0 0.0046875 0.5916666666666667 0.009375 0.050000000000000044
0 0.09661458333333334 0.1527777777777778 0.02135416666666666 0.03148148148148147
0 0.15963541666666667 0.6490740740740741 0.017187500000000022 0.03888888888888886
0 0.24739583333333331 0.03287037037037037 0.018750000000000017 0.03981481481481482
0 0.27578125 0.10555555555555556 0.02031250000000001 0.03148148148148147
0 0.359375 0.34814814814814815 0.022916666666666696 0.050000000000000044
0 0.41901041666666666 0.1472222222222222 0.030729166666666696 0.03888888888888889
0 0.46796875000000004 0.15231481481481482 0.02031250000000001 0.037962962962962976
0 0.5098958333333333 0.13981481481481484 0.024999999999999967 0.04629629629629631
0 0.5955729166666667 0.7212962962962963 0.01718749999999991 0.03888888888888886
0 0.6174479166666667 0.4560185185185185 0.020312499999999956 0.03611111111111115
