0 0.03333333333333333 0.3925925925925926 0.02291666666666667 0.04629629629629628
0 0.0359375 0.3731481481481481 0.019791666666666662 0.03518518518518515
0 0.45807291666666666 0.6435185185185185 0.020312499999999956 0.050000000000000044
0 0.45859375 0.12175925925925926 0.02656249999999999 0.04722222222222222
0 0.47135416666666663 0.09444444444444444 0.026041666666666685 0.05740740740740741
0 0.47291666666666665 0.17407407407407408 0.01874999999999999 0.029629629629629617
0 0.4770833333333333 0.08703703703703704 0.01874999999999999 0.049999999999999996
0 0.5143229166666667 0.1597222222222222 0.026562499999999933 0.06759259259259259
0 0.5294270833333333 0.837962962962963 0.020312499999999956 0.03888888888888886
0 0.5307291666666667 0.7726851851851853 0.01666666666666672 0.04166666666666663
0 0.5315104166666667 0.21574074074074073 0.0234375 0.04629629629629631
0 0.5432291666666667 0.1111111111111111 0.021874999999999978 0.04999999999999999
0 0.58671875 0.5726851851851852 0.03385416666666663 0.08796296296296302
0 0.5973958333333333 0.6666666666666667 0.021874999999999978 0.06481481481481477
0 0.6096354166666667 0.787962962962963 0.017187500000000022 0.042592592592592515
