0 0.011718749999999998 0.7361111111111112 0.020312499999999997 0.042592592592592626
0 0.03567708333333333 0.7291666666666666 0.0171875 0.04351851851851851
0 0.0546875 0.5430555555555555 0.018749999999999996 0.037962962962962976
0 0.1453125 0.8083333333333333 0.021875000000000006 0.03518518518518521
0 0.21666666666666667 0.4773148148148148 0.021875000000000006 0.056481481481481466
0 0.6091145833333333 0.2185185185185185 0.020312499999999956 0.05000000000000002
0 0.6549479166666667 0.13796296296296295 0.01822916666666663 0.03888888888888889
0 0.7130208333333333 0.95 0.016666666666666607 0.042592592592592626
0 0.73359375 0.8875 0.01822916666666663 0.04351851851851851
0 0.7348958333333333 0.16666666666666669 0.021874999999999978 0.0425925925925926
0 0.7385416666666667 0.9490740740740741 0.018750000000000044 0.031481481481481444
0 0.7591145833333333 0.8527777777777779 0.017187500000000022 0.042592592592592626
0 0.8010416666666667 0.48055555555555557 0.021874999999999978 0.042592592592592626
