0 0.009114583333333334 0.7388888888888889 0.0203125 0.042592592592592626
0 0.03333333333333333 0.7199074074074074 0.016666666666666663 0.04351851851851851
0 0.0515625 0.5412037037037037 0.018749999999999996 0.037962962962962976
0 0.14218750000000002 0.8166666666666667 0.021875000000000006 0.03518518518518521
0 0.21875 0.46805555555555556 0.021874999999999978 0.056481481481481466
0 0.6075520833333333 0.2222222222222222 0.020312499999999956 0.05000000000000002
0 0.6539062499999999 0.1398148148148148 0.01822916666666663 0.0388888888888889
0 0.7114583333333333 0.9537037037037037 0.01666666666666672 0.042592592592592515
0 0.7346354166666667 0.8976851851851851 0.01822916666666674 0.04351851851851851
0 0.7369791666666667 0.16666666666666669 0.021874999999999978 0.0425925925925926
0 0.7385416666666667 0.950925925925926 0.018750000000000044 0.031481481481481444
0 0.7588541666666666 0.8425925925925926 0.017708333333333326 0.042592592592592626
0 0.7994791666666667 0.4861111111111111 0.021874999999999978 0.042592592592592626
