0 0.14453125 0.6402777777777777 0.021354166666666674 0.04166666666666663
0 0.23359375 0.46944444444444444 0.020312499999999983 0.050000000000000044
0 0.2875 0.5287037037037037 0.02291666666666664 0.042592592592592626
0 0.5861979166666667 0.2680555555555556 0.0234375 0.03425925925925927
0 0.6226562499999999 0.20787037037037037 0.021354166666666674 0.049074074074074076
0 0.6700520833333333 0.13101851851851853 0.01718749999999991 0.03981481481481483
0 0.6875 0.3412037037037037 0.029166666666666563 0.05648148148148152
0 0.7252604166666667 0.9467592592592593 0.017187500000000022 0.04166666666666663
0 0.7434895833333333 0.8837962962962963 0.01822916666666663 0.04351851851851851
0 0.77890625 0.9666666666666667 0.020312499999999956 0.051851851851851816
0 0.8036458333333334 0.14074074074074072 0.018749999999999933 0.03888888888888889
0 0.8380208333333333 0.16666666666666666 0.02604166666666674 0.0537037037037037
