0 0.07395833333333333 0.4013888888888889 0.02291666666666667 0.056481481481481466
0 0.4744791666666667 0.18611111111111112 0.02812500000000001 0.03518518518518518
0 0.4901041666666667 0.1111111111111111 0.021875000000000033 0.04999999999999999
0 0.5088541666666667 0.3143518518518519 0.015625 0.041666666666666685
0 0.5643229166666667 0.13703703703703704 0.0234375 0.0537037037037037
0 0.61640625 0.6939814814814815 0.017187500000000022 0.04907407407407416
0 0.6369791666666667 0.7231481481481481 0.017708333333333326 0.03888888888888886
0 0.6403645833333333 0.7958333333333334 0.01822916666666674 0.04166666666666663
0 0.66328125 0.7578703703703704 0.021354166666666674 0.04166666666666663
0 0.6994791666666667 0.37037037037037035 0.025000000000000022 0.04259259259259257
0 0.753125 0.4263888888888889 0.022916666666666585 0.06388888888888888
