0 0.05338541666666667 0.6990740740740741 0.018229166666666664 0.04629629629629628
0 0.06744791666666666 0.3930555555555556 0.021354166666666667 0.0398148148148148
0 0.15885416666666666 0.8486111111111111 0.015625 0.04166666666666674
0 0.19687500000000002 0.312037037037037 0.021875000000000006 0.05740740740740741
0 0.6794270833333333 0.9462962962962963 0.021354166666666674 0.04444444444444451
0 0.69375 0.24166666666666667 0.016666666666666607 0.03888888888888892
0 0.7018229166666667 0.075 0.021354166666666674 0.0462962962962963
0 0.7078125 0.6231481481481482 0.023958333333333415 0.03888888888888886
0 0.7466145833333333 0.30046296296296293 0.020312499999999956 0.041666666666666685
0 0.7494791666666667 0.2351851851851852 0.02604166666666663 0.046296296296296335
0 0.7559895833333333 0.3365740740740741 0.020312499999999956 0.04351851851851851
