0 0.015625 0.47314814814814815 0.012499999999999999 0.05740740740740746
0 0.44427083333333334 0.5384259259259259 0.025000000000000022 0.04907407407407416
0 0.51171875 0.7462962962962962 0.020312499999999956 0.04814814814814816
0 0.5169270833333334 0.6601851851851852 0.0234375 0.03888888888888886
0 0.5315104166666667 0.1611111111111111 0.014062499999999978 0.027777777777777762
0 0.5481770833333333 0.09351851851851853 0.020312500000000067 0.05
0 0.5744791666666667 0.1875 0.021874999999999978 0.041666666666666685
0 0.5807291666666667 0.5726851851851852 0.021874999999999978 0.06018518518518512
0 0.6 0.5824074074074074 0.016666666666666607 0.03518518518518521
0 0.6205729166666667 0.6439814814814815 0.020312499999999956 0.04907407407407405
0 0.7317708333333334 0.7412037037037037 0.019791666666666652 0.04166666666666674
