0 0.00625 0.6430555555555555 0.0125 0.04907407407407416
0 0.01796875 0.3833333333333333 0.0234375 0.055555555555555525
0 0.06822916666666666 0.4481481481481482 0.021875 0.05740740740740741
0 0.06875 0.6069444444444445 0.02916666666666666 0.04907407407407416
0 0.13333333333333333 0.37268518518518523 0.016666666666666663 0.04722222222222222
0 0.28229166666666666 0.6888888888888889 0.019791666666666652 0.06296296296296289
0 0.484375 0.1509259259259259 0.018750000000000044 0.05000000000000002
0 0.5059895833333333 0.11944444444444445 0.018229166666666685 0.04629629629629631
0 0.5424479166666667 0.18518518518518517 0.0234375 0.04629629629629631
0 0.5466145833333333 0.040740740740740744 0.021354166666666674 0.05
0 0.5578125 0.24305555555555555 0.018749999999999933 0.04537037037037034
0 0.56640625 0.14074074074074075 0.01718749999999991 0.042592592592592585
0 0.5666666666666667 0.8652777777777778 0.018750000000000044 0.04351851851851851
0 0.6153645833333333 0.33425925925925926 0.020312499999999956 0.03888888888888886
0 0.6247395833333333 0.7041666666666667 0.0234375 0.06388888888888888
0 0.6455729166666666 0.8148148148148149 0.017187500000000022 0.03888888888888886
0 0.9341145833333333 0.33379629629629626 0.01822916666666663 0.04722222222222222
