0 0.1640625 0.9087962962962963 0.01874999999999999 0.04351851851851851
0 0.64765625 0.6518518518518519 0.01822916666666663 0.042592592592592626
0 0.65546875 0.3439814814814815 0.014062499999999978 0.037962962962962976
0 0.6640625 0.1587962962962963 0.02499999999999991 0.05277777777777776
0 0.6796875 0.7509259259259259 0.018750000000000044 0.04629629629629628
0 0.6955729166666667 0.7824074074074074 0.017187500000000022 0.042592592592592626
0 0.7143229166666667 0.38101851851851853 0.017187500000000022 0.056481481481481466
0 0.74375 0.31805555555555554 0.018750000000000044 0.04537037037037034
0 0.76484375 0.325 0.0234375 0.0537037037037037
0 0.7768229166666667 0.826851851851852 0.01822916666666663 0.03888888888888886
0 0.8440104166666667 0.9560185185185185 0.035937499999999956 0.026851851851851904
0 0.8671875 0.8833333333333333 0.016666666666666607 0.031481481481481444
0 0.8908854166666667 0.38055555555555554 0.020312499999999956 0.04259259259259257
0 0.9671875 0.4337962962962963 0.015625 0.037962962962962976
