0 0.01901041666666667 0.3773148148148148 0.021354166666666667 0.05277777777777781
0 0.022395833333333334 0.4453703703703704 0.015625 0.04999999999999999
0 0.062239583333333334 0.5907407407407408 0.03072916666666667 0.062962962962963
0 0.06796875 0.44027777777777777 0.020312499999999997 0.056481481481481466
0 0.12317708333333333 0.8601851851851852 0.020312499999999997 0.051851851851851816
0 0.48723958333333334 0.125 0.020312499999999956 0.04999999999999999
0 0.5091145833333333 0.09861111111111111 0.021354166666666674 0.052777777777777785
0 0.5677083333333333 0.7782407407407408 0.018749999999999933 0.036111111111111094
0 0.5802083333333333 0.03333333333333334 0.03125 0.0425925925925926
0 0.6263020833333333 0.6851851851851851 0.02447916666666672 0.06851851851851853
0 0.6401041666666667 0.40185185185185185 0.02604166666666663 0.04629629629629628
0 0.64375 0.9592592592592593 0.019791666666666652 0.03518518518518521
0 0.6466145833333333 0.8037037037037037 0.01822916666666674 0.042592592592592515
0 0.646875 0.7055555555555555 0.03125 0.05185185185185193
0 0.6713541666666667 0.9824074074074074 0.023958333333333304 0.042592592592592626
