0 0.00625 0.9435185185185185 0.0125 0.03518518518518521
0 0.01015625 0.9291666666666667 0.0203125 0.04907407407407405
0 0.02786458333333333 0.6990740740740741 0.0265625 0.05740740740740735
0 0.08567708333333333 0.4898148148148148 0.024479166666666663 0.04629629629629628
0 0.10859374999999999 0.0962962962962963 0.026562500000000003 0.05185185185185184
0 0.171875 0.4439814814814815 0.01874999999999999 0.04907407407407405
0 0.23593750000000002 0.4125 0.021875000000000006 0.05648148148148152
0 0.4041666666666667 0.07407407407407407 0.02604166666666663 0.07222222222222223
0 0.48333333333333334 0.5046296296296295 0.025000000000000022 0.03888888888888886
0 0.5716145833333333 0.7379629629629629 0.029687499999999978 0.06481481481481477
0 0.60234375 0.10462962962962963 0.0234375 0.055555555555555566
0 0.8583333333333334 0.6185185185185185 0.025000000000000022 0.042592592592592626
