0 0.019791666666666666 0.5611111111111111 0.015624999999999998 0.042592592592592515
0 0.14270833333333333 0.09768518518518518 0.01874999999999999 0.04166666666666667
0 0.17552083333333335 0.07222222222222222 0.01979166666666668 0.03888888888888888
0 0.30494791666666665 0.42592592592592593 0.0234375 0.050000000000000044
0 0.3080729166666667 0.4393518518518519 0.02031250000000001 0.0398148148148148
0 0.36302083333333335 0.33611111111111114 0.015625 0.04259259259259257
0 0.38020833333333337 0.1824074074074074 0.02812500000000001 0.04629629629629628
0 0.4122395833333333 0.2513888888888889 0.021354166666666674 0.03981481481481483
0 0.4421875 0.24027777777777778 0.021874999999999978 0.04722222222222222
0 0.44635416666666666 0.18611111111111112 0.018750000000000044 0.0537037037037037
0 0.4848958333333333 0.16944444444444445 0.01874999999999999 0.04629629629629631
0 0.5640625 0.11435185185185186 0.016666666666666607 0.03611111111111112
0 0.59453125 0.4800925925925926 0.020312500000000067 0.0398148148148148
