0 0.018229166666666664 0.4967592592592593 0.031249999999999997 0.06018518518518523
0 0.07135416666666666 0.7703703703703704 0.016666666666666663 0.02777777777777768
0 0.34453125 0.4212962962962963 0.0234375 0.04259259259259257
0 0.45416666666666666 0.034722222222222224 0.025000000000000022 0.04722222222222222
0 0.4549479166666667 0.5782407407407407 0.02656249999999999 0.047222222222222276
0 0.46979166666666666 0.10046296296296298 0.019791666666666652 0.03796296296296296
0 0.4708333333333333 0.016203703703703703 0.021874999999999978 0.03055555555555555
0 0.5216145833333333 0.7787037037037037 0.020312499999999956 0.050000000000000044
0 0.5231770833333333 0.7060185185185185 0.020312499999999956 0.037962962962962976
0 0.540625 0.18935185185185183 0.016666666666666607 0.03240740740740741
0 0.5591145833333333 0.12916666666666668 0.017187500000000022 0.043518518518518526
0 0.5778645833333333 0.14537037037037037 0.0234375 0.05740740740740741
0 0.5841145833333333 0.23287037037037034 0.0234375 0.03796296296296295
0 0.58671875 0.6060185185185185 0.020312500000000067 0.05277777777777781
0 0.5895833333333333 0.2611111111111111 0.019791666666666652 0.03518518518518521
0 0.6078125 0.7171296296296297 0.018750000000000044 0.04351851851851851
