0 0.14973958333333331 0.437962962962963 0.014062500000000006 0.0314814814814815
0 0.15598958333333335 0.05555555555555555 0.018229166666666657 0.03518518518518518
0 0.3286458333333333 0.2125 0.019791666666666707 0.030555555555555558
0 0.36328125 0.16666666666666669 0.01822916666666663 0.03888888888888889
0 0.38125 0.9824074074074074 0.01874999999999999 0.031481481481481444
0 0.39479166666666665 0.22962962962962963 0.021874999999999978 0.04629629629629628
0 0.409375 0.30833333333333335 0.015625 0.03888888888888892
0 0.4315104166666667 0.1652777777777778 0.021354166666666674 0.045370370370370366
0 0.43776041666666665 0.17731481481481481 0.017187500000000022 0.04351851851851851
0 0.4434895833333333 0.13472222222222222 0.01822916666666663 0.04166666666666667
0 0.4643229166666667 0.1509259259259259 0.01510416666666664 0.03888888888888889
0 0.5252604166666667 0.29212962962962963 0.015104166666666696 0.030555555555555558
0 0.5393229166666667 0.1037037037037037 0.017187500000000022 0.03888888888888889
0 0.5677083333333334 0.43472222222222223 0.019791666666666652 0.037962962962962976
