0 0.16249999999999998 0.9069444444444444 0.02291666666666667 0.03981481481481475
0 0.48333333333333334 0.8166666666666667 0.018750000000000044 0.031481481481481444
0 0.53125 0.662962962962963 0.016666666666666607 0.033333333333333326
0 0.64453125 0.6518518518518519 0.020312499999999956 0.03888888888888886
0 0.6526041666666667 0.34675925925925927 0.015625 0.036111111111111094
0 0.6549479166666667 0.6291666666666667 0.017187500000000022 0.03981481481481475
0 0.6598958333333333 0.16018518518518518 0.021874999999999978 0.04999999999999999
0 0.6742187500000001 0.750462962962963 0.017187500000000022 0.04351851851851851
0 0.6755208333333333 0.6185185185185185 0.016666666666666607 0.042592592592592626
0 0.6760416666666667 0.6662037037037037 0.018750000000000044 0.037962962962962976
0 0.6768229166666666 0.5361111111111111 0.01822916666666663 0.03518518518518521
0 0.6809895833333333 0.825 0.017187500000000022 0.0351851851851851
0 0.6908854166666667 0.7819444444444444 0.017187500000000022 0.03981481481481475
0 0.7075520833333333 0.3726851851851852 0.017187500000000022 0.05277777777777781
0 0.7591145833333333 0.3296296296296296 0.020312500000000067 0.05185185185185187
0 0.7914062500000001 0.6777777777777778 0.017187500000000022 0.0444444444444444
0 0.8104166666666666 0.726388888888889 0.013541666666666674 0.036111111111111094
0 0.8447916666666666 0.9578703703703704 0.03229166666666672 0.02499999999999991
0 0.9117187499999999 0.6935185185185185 0.017187500000000022 0.042592592592592515
0 0.9768229166666667 0.3912037037037037 0.017187500000000022 0.04537037037037034
