0 0.03619791666666666 0.08425925925925926 0.0265625 0.06111111111111111
0 0.37265625 0.46064814814814814 0.02031250000000001 0.045370370370370394
0 0.37578125 0.4115740740740741 0.027604166666666652 0.036111111111111094
0 0.4046875 0.8597222222222223 0.02291666666666664 0.045370370370370394
0 0.446875 0.1537037037037037 0.024999999999999967 0.03888888888888886
0 0.4583333333333333 0.15046296296296297 0.015625 0.037962962962962976
0 0.48723958333333334 0.11898148148148148 0.017187500000000022 0.04166666666666666
0 0.5291666666666667 0.1523148148148148 0.016666666666666607 0.045370370370370366
0 0.6070312499999999 0.7606481481481482 0.017187500000000022 0.03981481481481486
0 0.6221354166666667 0.46111111111111114 0.0234375 0.04259259259259257
0 0.6541666666666667 0.09351851851851853 0.018750000000000044 0.046296296296296294
