0 0.0125 0.425 0.01875 0.03518518518518521
0 0.0171875 0.4361111111111111 0.019791666666666666 0.03888888888888886
0 0.18541666666666667 0.5324074074074074 0.016666666666666663 0.042592592592592626
0 0.4296875 0.1537037037037037 0.022916666666666696 0.04259259259259257
0 0.43671875 0.14907407407407408 0.017187500000000022 0.0425925925925926
0 0.4786458333333333 0.07314814814814814 0.021874999999999978 0.04259259259259259
0 0.53125 0.8851851851851852 0.02187500000000009 0.05740740740740735
0 0.5388020833333333 0.9018518518518519 0.017187500000000022 0.0351851851851851
0 0.5549479166666667 0.5648148148148149 0.0234375 0.0351851851851851
0 0.5729166666666667 0.8319444444444444 0.01666666666666672 0.036111111111111094
0 0.6036458333333333 0.8564814814814815 0.015625 0.031481481481481444
0 0.6778645833333333 0.3939814814814815 0.015104166666666696 0.037962962962962976
