0 0.00859375 0.5509259259259259 0.0171875 0.03888888888888897
0 0.038802083333333334 0.9398148148148149 0.015104166666666669 0.03888888888888886
0 0.07005208333333333 0.6435185185185185 0.0171875 0.03518518518518521
0 0.14557291666666666 0.47685185185185186 0.017187499999999994 0.042592592592592626
0 0.45989583333333334 0.25277777777777777 0.018750000000000044 0.03888888888888886
0 0.49531250000000004 0.18935185185185185 0.019791666666666707 0.041666666666666685
0 0.5734375 0.8319444444444445 0.01666666666666672 0.037962962962962976
0 0.60390625 0.17592592592592593 0.020312499999999956 0.02777777777777779
0 0.6216145833333333 0.7203703703703703 0.017187500000000022 0.03518518518518521
0 0.6817708333333333 0.48796296296296293 0.018750000000000044 0.03888888888888892
0 0.7442708333333333 0.19675925925925924 0.019791666666666652 0.03425925925925924
0 0.8559895833333333 0.26296296296296295 0.01822916666666663 0.022222222222222254
0 0.8609375 0.3564814814814815 0.018750000000000044 0.027777777777777735
0 0.9208333333333334 0.5282407407407408 0.018749999999999933 0.030555555555555558
0 0.9260416666666667 0.6226851851851851 0.016666666666666607 0.028703703703703787
0 0.9380208333333333 0.06759259259259259 0.012499999999999956 0.03148148148148148
0 0.9440104166666667 0.538888888888889 0.017187500000000022 0.024074074074074026
0 0.9520833333333334 0.8532407407407407 0.018749999999999933 0.036111111111111205
