0 0.0171875 0.37777777777777777 0.021875 0.0537037037037037
0 0.0671875 0.44212962962962965 0.021875 0.05648148148148152
0 0.07109375 0.5981481481481481 0.027604166666666673 0.0537037037037037
0 0.3833333333333333 0.5148148148148148 0.021875000000000033 0.04259259259259257
0 0.48984375 0.14305555555555555 0.017187499999999967 0.04166666666666667
0 0.5046875 0.12638888888888888 0.026041666666666685 0.052777777777777785
0 0.5049479166666666 0.20601851851851852 0.017187500000000022 0.02685185185185185
0 0.5106770833333334 0.11296296296296296 0.020312500000000067 0.04999999999999999
0 0.51875 0.5856481481481481 0.02604166666666663 0.05277777777777781
0 0.5453125000000001 0.19212962962962962 0.02604166666666663 0.060185185185185175
0 0.5510416666666667 0.027314814814814816 0.021874999999999978 0.049074074074074076
0 0.5703125 0.8671296296296296 0.019791666666666652 0.04907407407407416
0 0.5723958333333333 0.7902777777777779 0.019791666666666652 0.03981481481481486
0 0.57421875 0.049074074074074076 0.01718749999999991 0.0425925925925926
0 0.57734375 0.13194444444444445 0.026562499999999933 0.05277777777777777
0 0.6187499999999999 0.32685185185185184 0.025000000000000022 0.03888888888888886
0 0.6234375000000001 0.3560185185185185 0.021874999999999978 0.045370370370370394
0 0.6283854166666667 0.6986111111111111 0.0234375 0.06388888888888888
0 0.64765625 0.8055555555555556 0.017187500000000022 0.04629629629629628
0 0.6505208333333333 0.9685185185185186 0.015625 0.03518518518518521
0 0.6510416666666667 0.7115740740740741 0.02604166666666663 0.0527777777777777
0 0.659375 0.06666666666666667 0.019791666666666652 0.0462962962962963
