0 0.011458333333333334 0.6356481481481482 0.0125 0.04907407407407405
0 0.02057291666666667 0.3787037037037037 0.023437500000000003 0.05555555555555558
0 0.06979166666666667 0.43518518518518523 0.021875000000000006 0.05740740740740741
0 0.0703125 0.6023148148148147 0.029166666666666667 0.04907407407407416
0 0.134375 0.3699074074074074 0.016666666666666663 0.047222222222222276
0 0.284375 0.6907407407407407 0.019791666666666652 0.062962962962963
0 0.4859375 0.15 0.01874999999999999 0.04999999999999999
0 0.5054687499999999 0.11944444444444445 0.01822916666666663 0.04629629629629631
0 0.54765625 0.1787037037037037 0.0234375 0.04629629629629631
0 0.5497395833333334 0.03425925925925926 0.021354166666666674 0.05
0 0.5604166666666667 0.23935185185185184 0.018750000000000044 0.04537037037037034
0 0.5658854166666667 0.14166666666666666 0.017187500000000022 0.04259259259259261
0 0.5692708333333334 0.8689814814814815 0.018749999999999933 0.04351851851851851
0 0.6190104166666667 0.33055555555555555 0.020312499999999956 0.03888888888888886
0 0.6263020833333334 0.6967592592592593 0.0234375 0.06388888888888888
0 0.64765625 0.8157407407407407 0.017187500000000022 0.03888888888888886
0 0.9377604166666667 0.3324074074074074 0.01822916666666674 0.046296296296296335
