0 0.15026041666666667 0.7791666666666667 0.02031250000000001 0.036111111111111205
0 0.34453124999999996 0.37962962962962965 0.024479166666666663 0.046296296296296335
0 0.5208333333333333 0.7407407407407407 0.018749999999999933 0.04629629629629628
0 0.5239583333333333 0.6671296296296296 0.02604166666666663 0.047222222222222276
0 0.5591145833333333 0.09305555555555556 0.01822916666666663 0.049074074074074076
0 0.5841145833333333 0.1912037037037037 0.0234375 0.037962962962962976
0 0.5911458333333333 0.5689814814814815 0.021874999999999978 0.06018518518518523
0 0.59765625 0.2273148148148148 0.026562500000000044 0.03240740740740741
0 0.6096354166666667 0.6805555555555556 0.017187500000000022 0.050000000000000044
0 0.9903645833333333 0.4726851851851852 0.01822916666666674 0.03425925925925927
