0 0.06875 0.7583333333333333 0.018750000000000003 0.02777777777777779
0 0.44765625 0.03333333333333333 0.02031250000000001 0.03888888888888889
0 0.4669270833333333 0.08796296296296297 0.02031250000000001 0.03518518518518518
0 0.5184895833333334 0.7578703703703704 0.020312500000000067 0.0527777777777777
0 0.5414062500000001 0.17592592592592593 0.017187500000000022 0.0314814814814815
0 0.5611979166666667 0.125 0.017187500000000022 0.05185185185185186
0 0.5848958333333334 0.5907407407407408 0.021874999999999978 0.061111111111111116
0 0.6028645833333334 0.7032407407407408 0.0234375 0.030555555555555558
0 0.603125 0.725 0.018750000000000044 0.061111111111111116
0 0.6041666666666667 0.7550925925925926 0.01666666666666672 0.04351851851851862
0 0.6057291666666667 0.8671296296296296 0.019791666666666652 0.045370370370370394
