0 0.02291666666666667 0.4648148148148148 0.019791666666666666 0.0537037037037037
0 0.04114583333333333 0.5046296296296297 0.015625 0.04259259259259257
0 0.06640625 0.4388888888888889 0.019270833333333327 0.050000000000000044
0 0.0703125 0.5958333333333333 0.028125000000000004 0.05277777777777781
0 0.09583333333333333 0.7652777777777777 0.018750000000000003 0.037962962962962865
0 0.27864583333333337 0.6847222222222222 0.01874999999999999 0.056481481481481466
0 0.3247395833333333 0.6203703703703703 0.02031250000000001 0.03518518518518521
0 0.484375 0.15694444444444444 0.018750000000000044 0.049074074074074076
0 0.4875 0.675 0.029166666666666674 0.042592592592592626
0 0.5041666666666667 0.12037037037037038 0.016666666666666607 0.04444444444444445
0 0.5403645833333333 0.2 0.026562499999999933 0.05925925925925926
0 0.5466145833333333 0.034722222222222224 0.024479166666666607 0.05277777777777778
0 0.5625 0.8648148148148148 0.018750000000000044 0.04629629629629628
0 0.5640625 0.8004629629629629 0.019791666666666652 0.037962962962962976
0 0.56484375 0.1472222222222222 0.020312499999999956 0.05185185185185184
0 0.6432291666666666 0.8125 0.019791666666666652 0.03981481481481475
0 0.646875 0.7087962962962964 0.018750000000000044 0.036111111111111094
