0 0.06588541666666667 0.5740740740740741 0.018229166666666664 0.04629629629629628
0 0.11302083333333333 0.7518518518518518 0.015625 0.03888888888888886
0 0.18072916666666666 0.046759259259259264 0.024999999999999994 0.049074074074074076
0 0.3494791666666667 0.6060185185185185 0.02604166666666663 0.047222222222222276
0 0.42890625 0.31666666666666665 0.0234375 0.04629629629629628
0 0.5494791666666667 0.15138888888888888 0.018749999999999933 0.04351851851851851
0 0.5518229166666666 0.2587962962962963 0.027604166666666763 0.049074074074074076
0 0.5580729166666667 0.9351851851851851 0.020312499999999956 0.042592592592592626
0 0.58515625 0.9032407407407408 0.017187500000000022 0.04351851851851851
0 0.9411458333333333 0.650462962962963 0.021874999999999978 0.03981481481481486
