0 0.057291666666666664 0.23657407407407408 0.019791666666666666 0.0490740740740741
0 0.20364583333333336 0.9379629629629629 0.02291666666666667 0.03888888888888886
0 0.665625 0.10833333333333334 0.019791666666666652 0.042592592592592585
0 0.6661458333333333 0.03518518518518518 0.02499999999999991 0.046296296296296294
0 0.6697916666666667 0.6574074074074074 0.02499999999999991 0.05555555555555558
0 0.6796875 0.6425925925925926 0.019791666666666652 0.050000000000000044
0 0.6802083333333333 0.28425925925925927 0.027083333333333348 0.0537037037037037
0 0.6822916666666667 0.18333333333333332 0.02604166666666663 0.05740740740740741
0 0.7286458333333333 0.3912037037037037 0.015625 0.04722222222222222
0 0.7565104166666667 0.9115740740740741 0.017187500000000022 0.04166666666666674
0 0.7703125 0.3282407407407407 0.028125000000000067 0.056481481481481466
0 0.7828125 0.32916666666666666 0.022916666666666696 0.06018518518518523
0 0.834375 0.7324074074074074 0.015625 0.031481481481481444
0 0.8684895833333333 0.9634259259259259 0.04010416666666672 0.028703703703703676
0 0.9059895833333333 0.3912037037037037 0.017187500000000022 0.04722222222222222
