0 0.010416666666666666 0.4037037037037037 0.016666666666666666 0.07222222222222224
0 0.17812499999999998 0.4981481481481481 0.020833333333333343 0.051851851851851816
0 0.21901041666666665 0.687037037037037 0.020312499999999983 0.04629629629629628
0 0.23072916666666665 0.5444444444444445 0.017708333333333354 0.04814814814814816
0 0.47395833333333337 0.5990740740740741 0.021875000000000033 0.050000000000000044
0 0.5625 0.30046296296296293 0.018750000000000044 0.02870370370370373
0 0.5768229166666666 0.24675925925925926 0.0234375 0.05277777777777776
0 0.6260416666666666 0.1560185185185185 0.019791666666666763 0.03611111111111112
0 0.6755208333333333 0.9546296296296297 0.018750000000000044 0.03888888888888886
0 0.7080729166666666 0.8865740740740741 0.01822916666666663 0.04166666666666674
0 0.7354166666666666 0.8527777777777779 0.02083333333333337 0.042592592592592626
0 0.7463541666666667 0.22314814814814815 0.018750000000000044 0.04999999999999999
0 0.7749999999999999 0.4902777777777778 0.025000000000000022 0.0398148148148148
