0 0.010416666666666668 0.5092592592592593 0.010416666666666668 0.04259259259259257
0 0.013541666666666667 0.5351851851851852 0.015625 0.03888888888888886
0 0.02057291666666667 0.5375 0.0171875 0.03425925925925921
0 0.15755208333333331 0.4564814814814815 0.018229166666666657 0.042592592592592626
0 0.19947916666666665 0.6273148148148149 0.01666666666666669 0.036111111111111094
0 0.20104166666666667 0.35 0.024999999999999994 0.04259259259259257
0 0.47890625 0.2337962962962963 0.017187499999999967 0.041666666666666685
0 0.49505208333333334 0.3990740740740741 0.014062499999999978 0.03888888888888886
0 0.5213541666666667 0.15462962962962962 0.018750000000000044 0.03518518518518518
0 0.5846354166666666 0.962037037037037 0.015104166666666696 0.042592592592592515
0 0.58984375 0.0787037037037037 0.01718749999999991 0.03518518518518519
0 0.5911458333333333 0.18194444444444444 0.021874999999999978 0.03425925925925927
0 0.6052083333333333 0.7861111111111111 0.015625 0.031481481481481444
0 0.62109375 0.09166666666666667 0.020312499999999956 0.027777777777777776
0 0.7119791666666666 0.4773148148148148 0.019791666666666763 0.045370370370370394
0 0.8822916666666667 0.2523148148148148 0.014583333333333282 0.02685185185185182
0 0.9559895833333334 0.5185185185185186 0.01822916666666663 0.033333333333333326
