0 0.02239583333333333 0.5050925925925926 0.031249999999999997 0.06018518518518523
0 0.07552083333333333 0.7842592592592592 0.016666666666666663 0.02777777777777779
0 0.3455729166666667 0.4361111111111111 0.0234375 0.042592592592592626
0 0.45572916666666663 0.046296296296296294 0.026041666666666685 0.04814814814814815
0 0.45677083333333335 0.5921296296296297 0.025000000000000022 0.047222222222222165
0 0.4708333333333333 0.11157407407407408 0.021874999999999978 0.030555555555555558
0 0.47291666666666665 0.038425925925925926 0.019791666666666652 0.03796296296296296
0 0.5221354166666667 0.787962962962963 0.020312500000000067 0.050000000000000044
0 0.5234375 0.7138888888888888 0.019791666666666652 0.03888888888888886
0 0.5411458333333333 0.20324074074074072 0.016666666666666607 0.03240740740740741
0 0.5611979166666667 0.1476851851851852 0.017187500000000022 0.04351851851851854
0 0.5794270833333334 0.16018518518518518 0.0234375 0.05740740740740741
0 0.5872395833333333 0.6143518518518518 0.020312500000000067 0.05277777777777781
0 0.58828125 0.24861111111111112 0.0234375 0.037962962962962976
0 0.5890625 0.26944444444444443 0.019791666666666652 0.03518518518518521
0 0.60625 0.7310185185185185 0.018749999999999933 0.04351851851851851
