0 0.1453125 0.4462962962962963 0.017708333333333354 0.04999999999999999
0 0.440625 0.587037037037037 0.021874999999999978 0.040740740740740744
0 0.4546875 0.575 0.021875000000000033 0.04999999999999993
0 0.5572916666666666 0.20694444444444443 0.022916666666666696 0.049074074074074076
0 0.60703125 0.2657407407407407 0.020312499999999956 0.05185185185185187
0 0.6221354166666666 0.23194444444444445 0.020312500000000067 0.049074074074074076
0 0.6645833333333333 0.7652777777777777 0.018750000000000044 0.03981481481481486
0 0.6854166666666667 0.8657407407407407 0.016666666666666607 0.03888888888888886
0 0.69453125 0.3402777777777778 0.0234375 0.056481481481481466
0 0.71328125 0.8212962962962963 0.020312499999999956 0.03888888888888897
