0 0.03125 0.5064814814814815 0.013541666666666664 0.0314814814814815
0 0.03828125 0.6828703703703705 0.0171875 0.04166666666666663
0 0.05572916666666666 0.3768518518518519 0.019791666666666673 0.03518518518518515
0 0.08151041666666667 0.3398148148148148 0.021354166666666674 0.046296296296296335
0 0.10859374999999999 0.056018518518518516 0.01822916666666667 0.03611111111111111
0 0.11145833333333334 0.350462962962963 0.015625 0.0398148148148148
0 0.1171875 0.39722222222222225 0.02604166666666667 0.05185185185185187
0 0.11901041666666666 0.5361111111111112 0.017187499999999994 0.03888888888888886
0 0.13984375 0.33564814814814814 0.017187499999999994 0.037962962962962976
0 0.16979166666666667 0.25787037037037036 0.015625 0.052777777777777785
0 0.1765625 0.28425925925925927 0.018750000000000017 0.062962962962963
0 0.184375 0.2935185185185185 0.01979166666666668 0.051851851851851816
0 0.4184895833333333 0.3611111111111111 0.02031250000000001 0.04629629629629628
0 0.6598958333333333 0.6611111111111111 0.018750000000000044 0.050000000000000044
0 0.6604166666666667 0.95 0.015625 0.03888888888888886
0 0.6692708333333333 0.7282407407407407 0.018749999999999933 0.036111111111111205
0 0.67578125 0.23703703703703705 0.020312499999999956 0.042592592592592626
0 0.6783854166666667 0.06388888888888888 0.020312500000000067 0.05
0 0.6828125 0.10416666666666666 0.019791666666666652 0.04166666666666667
0 0.6875 0.6277777777777778 0.018750000000000044 0.03888888888888897
0 0.6973958333333333 0.9685185185185186 0.018750000000000044 0.04629629629629628
0 0.7036458333333333 0.6625 0.018750000000000044 0.03240740740740744
0 0.7221354166666667 0.29768518518518516 0.01822916666666663 0.041666666666666685
0 0.7260416666666667 0.2351851851851852 0.022916666666666696 0.04999999999999999
