0 0.09791666666666667 0.5375 0.015625 0.03240740740740744
0 0.13333333333333333 0.9375 0.01874999999999999 0.03981481481481475
0 0.15520833333333334 0.6722222222222223 0.019791666666666652 0.042592592592592626
0 0.21354166666666669 0.9777777777777779 0.018750000000000017 0.03888888888888886
0 0.23229166666666667 0.9407407407407408 0.015625 0.03518518518518521
0 0.2716145833333333 0.11666666666666667 0.02031250000000001 0.035185185185185194
0 0.34765625 0.3939814814814815 0.029687499999999978 0.06388888888888888
0 0.3828125 0.29074074074074074 0.01666666666666672 0.042592592592592626
0 0.4270833333333333 0.1611111111111111 0.029166666666666674 0.0425925925925926
0 0.478125 0.0537037037037037 0.01874999999999999 0.03888888888888888
0 0.48203125 0.1597222222222222 0.02031250000000001 0.049074074074074076
0 0.48802083333333335 0.6587962962962963 0.02291666666666664 0.03240740740740744
0 0.52265625 0.15324074074074073 0.020312500000000067 0.052777777777777785
0 0.5921875 0.774537037037037 0.018750000000000044 0.03981481481481475
0 0.6052083333333333 0.09722222222222222 0.021874999999999978 0.03888888888888889
0 0.60625 0.7375 0.015625 0.03425925925925932
