0 0.020312499999999997 0.437037037037037 0.01875 0.0314814814814815
0 0.03958333333333333 0.5472222222222223 0.01458333333333333 0.031481481481481555
0 0.06953125 0.44166666666666665 0.0171875 0.03518518518518521
0 0.4291666666666667 0.13657407407407407 0.01874999999999999 0.04166666666666667
0 0.47187500000000004 0.07083333333333333 0.016666666666666663 0.04166666666666666
0 0.5205729166666666 0.8782407407407408 0.017187500000000022 0.05277777777777781
0 0.54140625 0.8953703703703704 0.020312499999999956 0.03888888888888897
0 0.5791666666666666 0.8814814814814815 0.018749999999999933 0.031481481481481555
0 0.5932291666666667 0.2865740740740741 0.019791666666666652 0.0398148148148148
0 0.60625 0.08611111111111111 0.015625 0.03518518518518518
0 0.8947916666666667 0.033796296296296297 0.016666666666666607 0.03981481481481482
