0 0.00625 0.4657407407407408 0.0125 0.05740740740740741
0 0.4432291666666667 0.5449074074074074 0.025000000000000022 0.04907407407407405
0 0.5080729166666667 0.7458333333333333 0.020312499999999956 0.04907407407407405
0 0.5111979166666667 0.6722222222222223 0.023437500000000056 0.03888888888888886
0 0.5309895833333333 0.16018518518518518 0.014062499999999978 0.02777777777777779
0 0.54609375 0.0962962962962963 0.020312500000000067 0.04999999999999999
0 0.5729166666666667 0.19675925925925924 0.021874999999999978 0.04166666666666666
0 0.5770833333333334 0.5726851851851852 0.021874999999999978 0.06018518518518512
0 0.6010416666666667 0.5898148148148148 0.01666666666666672 0.03518518518518521
0 0.61796875 0.6412037037037037 0.020312500000000067 0.04907407407407405
0 0.72421875 0.7375 0.020312499999999956 0.04166666666666663
