0 0.00859375 0.11666666666666667 0.0171875 0.09629629629629628
0 0.07473958333333333 0.5597222222222222 0.018229166666666657 0.04166666666666674
0 0.225 0.06157407407407407 0.019791666666666652 0.04351851851851851
0 0.4002604166666667 0.33564814814814814 0.017187500000000022 0.045370370370370394
0 0.40651041666666665 0.2518518518518519 0.017187500000000022 0.03888888888888892
0 0.4135416666666667 0.17731481481481481 0.026041666666666685 0.036111111111111094
0 0.45208333333333334 0.2518518518518519 0.03125 0.04629629629629631
0 0.45625000000000004 0.33935185185185185 0.01874999999999999 0.036111111111111094
0 0.47916666666666663 0.17731481481481481 0.024999999999999967 0.04722222222222222
0 0.5143229166666667 0.16435185185185186 0.020312500000000067 0.03611111111111112
0 0.5799479166666667 0.6175925925925926 0.020312499999999956 0.050000000000000044
0 0.5804687500000001 0.31805555555555554 0.01822916666666663 0.03425925925925927
0 0.6 0.11388888888888889 0.018750000000000044 0.03518518518518518
0 0.6315104166666667 0.48518518518518516 0.021354166666666674 0.04629629629629628
0 0.8932291666666667 0.4824074074074074 0.021874999999999978 0.04629629629629628
