0 0.0078125 0.4444444444444444 0.015625 0.05185185185185187
0 0.04479166666666667 0.5884259259259259 0.03125 0.06388888888888888
0 0.09791666666666667 0.8648148148148148 0.01874999999999999 0.03888888888888897
0 0.3578125 0.5106481481481482 0.021875000000000033 0.0490740740740741
0 0.3671875 0.5050925925925926 0.03125 0.056481481481481466
0 0.37916666666666665 0.4925925925925926 0.02291666666666664 0.051851851851851816
0 0.4703125 0.12314814814814815 0.01874999999999999 0.042592592592592585
0 0.4950520833333333 0.0962962962962963 0.02656249999999999 0.04999999999999999
0 0.5533854166666667 0.8194444444444444 0.021354166666666674 0.0888888888888889
0 0.5541666666666667 0.8680555555555556 0.021874999999999978 0.05277777777777781
0 0.5546875 0.11944444444444445 0.02187500000000009 0.04629629629629631
0 0.5549479166666667 0.7949074074074074 0.0234375 0.047222222222222276
0 0.6088541666666667 0.7032407407407407 0.021874999999999978 0.06018518518518512
0 0.6307291666666667 0.7171296296296297 0.02187500000000009 0.047222222222222165
0 0.8015625 0.4 0.021874999999999978 0.04259259259259257
0 0.9036458333333333 0.10879629629629631 0.01666666666666672 0.047222222222222235
0 0.9645833333333333 0.5078703703703704 0.018750000000000044 0.0398148148148148
