0 0.31510416666666663 0.5143518518518518 0.02395833333333336 0.05277777777777776
0 0.4432291666666667 0.11666666666666667 0.02604166666666663 0.05
0 0.48984375 0.5949074074074074 0.026562500000000044 0.03981481481481486
0 0.4989583333333334 0.586111111111111 0.02812500000000001 0.0537037037037037
0 0.5052083333333334 0.6898148148148149 0.024999999999999967 0.04999999999999993
0 0.5570312500000001 0.8782407407407407 0.017187500000000022 0.045370370370370394
0 0.5598958333333333 0.7967592592592593 0.021874999999999978 0.03425925925925921
0 0.5791666666666666 0.6972222222222222 0.019791666666666763 0.07222222222222219
0 0.6291666666666667 0.7666666666666666 0.022916666666666696 0.03888888888888886
0 0.6575520833333333 0.3685185185185185 0.026562499999999933 0.042592592592592626
