0 0.03854166666666667 0.5902777777777778 0.016666666666666666 0.037962962962962976
0 0.09348958333333333 0.43287037037037035 0.017187499999999994 0.03611111111111115
0 0.1375 0.5851851851851851 0.015625 0.03518518518518521
0 0.396875 0.20185185185185184 0.01874999999999999 0.0425925925925926
0 0.43333333333333335 0.13796296296296295 0.025000000000000022 0.0425925925925926
0 0.5122395833333333 0.7268518518518519 0.014062499999999978 0.03518518518518521
0 0.51328125 0.1310185185185185 0.015104166666666696 0.030555555555555544
0 0.5390625 0.12685185185185185 0.015625 0.0314814814814815
0 0.5466145833333333 0.7837962962962963 0.01822916666666674 0.03425925925925921
0 0.5736979166666667 0.5083333333333333 0.011979166666666652 0.031481481481481444
0 0.5757812499999999 0.17592592592592593 0.014062499999999978 0.0425925925925926
