0 0.0125 0.9666666666666667 0.015625 0.03888888888888897
0 0.013541666666666667 0.9657407407407408 0.016666666666666666 0.0351851851851851
0 0.09583333333333333 0.5180555555555556 0.018750000000000003 0.04351851851851857
0 0.15625 0.4337962962962963 0.015625 0.04166666666666663
0 0.25468749999999996 0.4689814814814815 0.01874999999999999 0.056481481481481466
0 0.6325520833333333 0.1824074074074074 0.020312499999999956 0.05555555555555558
0 0.6828125 0.0962962962962963 0.019791666666666652 0.04629629629629631
0 0.7479166666666667 0.9268518518518518 0.018750000000000044 0.042592592592592626
0 0.7627604166666666 0.8509259259259259 0.020312500000000067 0.042592592592592626
0 0.7848958333333333 0.8180555555555555 0.017708333333333326 0.03981481481481475
0 0.8197916666666667 0.8087962962962962 0.01666666666666672 0.03240740740740733
