0 0.1328125 0.5925925925925926 0.016666666666666663 0.03888888888888886
0 0.19791666666666669 0.1537037037037037 0.026041666666666657 0.08148148148148149
0 0.39140624999999996 0.2087962962962963 0.02031250000000001 0.04351851851851854
0 0.42578125 0.13472222222222222 0.017187500000000022 0.04351851851851851
0 0.44140625 0.20787037037037037 0.017187500000000022 0.03425925925925927
0 0.48020833333333335 0.9444444444444444 0.015625 0.03518518518518521
0 0.50703125 0.7328703703703704 0.017187500000000022 0.037962962962962976
0 0.5088541666666667 0.13148148148148148 0.015625 0.031481481481481485
0 0.5114583333333333 0.7796296296296297 0.014583333333333393 0.031481481481481555
0 0.5341145833333334 0.12916666666666665 0.014062499999999978 0.028703703703703703
0 0.5356770833333333 0.8745370370370371 0.0234375 0.04166666666666663
