0 0.010677083333333332 0.4393518518518518 0.018229166666666664 0.06388888888888888
0 0.05130208333333333 0.5805555555555555 0.03072916666666667 0.0703703703703703
0 0.36458333333333337 0.49722222222222223 0.026041666666666685 0.04629629629629628
0 0.46328125 0.6953703703703704 0.0234375 0.05185185185185193
0 0.48411458333333335 0.6587962962962963 0.03281249999999997 0.03981481481481486
0 0.4932291666666667 0.17638888888888887 0.02812500000000001 0.045370370370370366
0 0.49973958333333335 0.0875 0.0234375 0.05277777777777778
0 0.5010416666666667 0.6689814814814814 0.02812500000000001 0.047222222222222165
0 0.5359375 0.1560185185185185 0.025000000000000022 0.056481481481481494
0 0.5609375 0.7837962962962963 0.022916666666666696 0.03981481481481486
0 0.5609375 0.8578703703703704 0.019791666666666652 0.047222222222222276
0 0.5609375 0.11342592592592593 0.018750000000000044 0.04722222222222222
0 0.60625 0.3111111111111111 0.022916666666666585 0.042592592592592626
0 0.6156250000000001 0.687037037037037 0.021874999999999978 0.061111111111111116
0 0.634375 0.8032407407407407 0.018750000000000044 0.045370370370370394
0 0.6359375 0.9703703703703703 0.021874999999999978 0.03518518518518521
0 0.6403645833333333 0.7050925925925926 0.0234375 0.04537037037037028
0 0.6958333333333333 0.3648148148148148 0.021874999999999978 0.03888888888888886
0 0.8046875 0.37777777777777777 0.02187500000000009 0.061111111111111116
