0 0.046614583333333334 0.3847222222222222 0.021354166666666667 0.0398148148148148
0 0.4627604166666667 0.6537037037037037 0.027604166666666652 0.042592592592592626
0 0.47968750000000004 0.09490740740740741 0.01874999999999999 0.049074074074074076
0 0.5333333333333333 0.2212962962962963 0.018750000000000044 0.04259259259259257
0 0.54375 0.1175925925925926 0.022916666666666585 0.05000000000000002
0 0.5833333333333333 0.22546296296296295 0.021874999999999978 0.05277777777777776
0 0.5911458333333334 0.3143518518518519 0.022916666666666696 0.03611111111111115
0 0.5966145833333333 0.6888888888888889 0.0234375 0.05740740740740735
0 0.59765625 0.35138888888888886 0.020312499999999956 0.03425925925925927
0 0.6197916666666667 0.6962962962962963 0.021874999999999978 0.03888888888888897
0 0.6736979166666667 0.37222222222222223 0.020312499999999956 0.0314814814814815
0 0.684375 0.052314814814814814 0.025000000000000022 0.052777777777777785
0 0.8466145833333334 0.1685185185185185 0.014062499999999978 0.03518518518518518
0 0.8588541666666667 0.5365740740740741 0.015625 0.036111111111111094
0 0.9908854166666666 0.5939814814814814 0.015104166666666696 0.030555555555555558
