0 0.18645833333333334 0.9328703703703703 0.019791666666666652 0.04351851851851851
0 0.2953125 0.46018518518518514 0.021875000000000033 0.04999999999999999
0 0.6091145833333333 0.16574074074074074 0.0234375 0.04999999999999999
0 0.6528645833333333 0.8231481481481482 0.021354166666666674 0.03888888888888886
0 0.7197916666666666 0.662037037037037 0.021874999999999978 0.0351851851851851
0 0.72578125 0.09305555555555556 0.0234375 0.052777777777777785
0 0.7408854166666667 0.16064814814814815 0.02447916666666672 0.05277777777777776
0 0.8184895833333333 0.4217592592592593 0.01822916666666674 0.04722222222222222
0 0.8317708333333333 0.763425925925926 0.018750000000000044 0.03240740740740744
0 0.8330729166666666 0.8407407407407408 0.017187500000000022 0.04629629629629639
0 0.8526041666666666 0.12361111111111112 0.018749999999999933 0.06018518518518519
0 0.9536458333333333 0.38981481481481484 0.018750000000000044 0.04259259259259257
0 0.9640625 0.2064814814814815 0.02604166666666663 0.08148148148148149
