0 0.02005208333333333 0.5361111111111111 0.0265625 0.05555555555555558
0 0.024739583333333332 0.3652777777777778 0.018229166666666664 0.03611111111111115
0 0.2916666666666667 0.47962962962962963 0.019791666666666652 0.04259259259259257
0 0.30078125 0.4810185185185185 0.020312499999999956 0.04351851851851851
0 0.3119791666666667 0.38055555555555554 0.02395833333333336 0.03888888888888892
0 0.40520833333333334 0.14537037037037037 0.021874999999999978 0.0537037037037037
0 0.41927083333333337 0.1986111111111111 0.01874999999999999 0.030555555555555558
0 0.4203125 0.13055555555555556 0.019791666666666707 0.05
0 0.42604166666666665 0.12175925925925926 0.01874999999999999 0.04537037037037035
0 0.45677083333333335 0.1699074074074074 0.025000000000000022 0.052777777777777785
0 0.46171874999999996 0.045370370370370366 0.02031250000000001 0.04259259259259259
0 0.4705729166666667 0.8004629629629629 0.014062499999999978 0.04166666666666663
0 0.48177083333333337 0.13564814814814816 0.01874999999999999 0.043518518518518526
0 0.5143229166666667 0.24212962962962964 0.020312500000000067 0.045370370370370394
0 0.5244791666666666 0.31574074074074077 0.018749999999999933 0.03888888888888892
0 0.5421875 0.7490740740740741 0.018749999999999933 0.04629629629629628
