0 0.005208333333333333 0.6356481481481482 0.009375 0.056481481481481466
0 0.34296875000000004 0.1050925925925926 0.02031250000000001 0.05277777777777777
0 0.35078125 0.6064814814814815 0.014062499999999978 0.03518518518518521
0 0.37916666666666665 0.44861111111111107 0.019791666666666652 0.0490740740740741
0 0.39765625 0.47824074074074074 0.017187500000000022 0.04537037037037034
0 0.44036458333333334 0.22175925925925927 0.01822916666666663 0.04166666666666666
0 0.44609375 0.13796296296296295 0.0234375 0.03888888888888889
0 0.46796875000000004 0.1388888888888889 0.02031250000000001 0.042592592592592585
0 0.5333333333333333 0.13287037037037036 0.016666666666666607 0.04166666666666667
0 0.625 0.45972222222222225 0.02499999999999991 0.0490740740740741
