0 0.08177083333333333 0.4638888888888889 0.01874999999999999 0.03888888888888892
0 0.22031250000000002 0.38796296296296295 0.021875000000000006 0.0537037037037037
0 0.2890625 0.22499999999999998 0.028124999999999956 0.03888888888888889
0 0.4596354166666667 0.4550925925925926 0.021354166666666674 0.05277777777777776
0 0.4744791666666667 0.4472222222222222 0.02812500000000001 0.04999999999999999
0 0.4752604166666667 0.4384259259259259 0.021354166666666674 0.05277777777777776
0 0.47760416666666666 0.7495370370370371 0.018750000000000044 0.03981481481481486
0 0.48906249999999996 0.3828703703703704 0.026041666666666685 0.060185185185185175
0 0.7010416666666667 0.6217592592592592 0.02187500000000009 0.05277777777777781
0 0.7234375 0.7324074074074074 0.019791666666666652 0.050000000000000044
0 0.7354166666666666 0.8180555555555555 0.025000000000000022 0.04907407407407405
0 0.7395833333333334 0.12638888888888888 0.019791666666666652 0.060185185185185175
0 0.7861979166666667 0.30092592592592593 0.0234375 0.042592592592592626
