0 0.0049479166666666664 0.5037037037037038 0.009895833333333333 0.042592592592592626
0 0.0125 0.5268518518518519 0.015625 0.03888888888888886
0 0.017447916666666667 0.5310185185185186 0.0171875 0.03425925925925932
0 0.15494791666666669 0.45925925925925926 0.018229166666666657 0.042592592592592626
0 0.19895833333333335 0.6282407407407407 0.01666666666666669 0.036111111111111094
0 0.20208333333333334 0.34444444444444444 0.024999999999999994 0.042592592592592626
0 0.48463541666666665 0.2300925925925926 0.017187500000000022 0.041666666666666685
0 0.49609375 0.3990740740740741 0.014062500000000033 0.03888888888888886
0 0.5223958333333334 0.15740740740740738 0.018749999999999933 0.03518518518518518
0 0.58359375 0.9777777777777779 0.015104166666666696 0.042592592592592626
0 0.5924479166666667 0.08148148148148149 0.017187500000000022 0.035185185185185194
0 0.5947916666666666 0.17731481481481481 0.021874999999999978 0.03425925925925927
0 0.6057291666666667 0.7833333333333333 0.015625 0.031481481481481444
0 0.62578125 0.0875 0.020312500000000067 0.026851851851851863
0 0.7140625 0.48194444444444445 0.019791666666666652 0.045370370370370394
0 0.8872395833333333 0.2523148148148148 0.014062499999999978 0.02685185185185182
0 0.9565104166666667 0.5208333333333334 0.01822916666666663 0.03240740740740744
