0 0.027864583333333335 0.9347222222222222 0.021354166666666667 0.056481481481481466
0 0.18932291666666667 0.9208333333333334 0.02031250000000001 0.03240740740740733
0 0.6583333333333333 0.6564814814814814 0.019791666666666652 0.04629629629629628
0 0.6703125000000001 0.17222222222222222 0.025000000000000022 0.05555555555555558
0 0.690625 0.7537037037037038 0.015625 0.042592592592592626
0 0.7052083333333333 0.7888888888888889 0.019791666666666652 0.051851851851851816
0 0.7229166666666667 0.3814814814814815 0.015625 0.04629629629629628
0 0.7864583333333334 0.7560185185185184 0.019791666666666652 0.045370370370370394
0 0.809375 0.7518518518518518 0.01666666666666672 0.042592592592592626
0 0.8161458333333333 0.35462962962962963 0.019791666666666652 0.042592592592592626
0 0.85625 0.9555555555555555 0.03437499999999993 0.031481481481481555
0 0.8770833333333333 0.8833333333333333 0.019791666666666652 0.031481481481481444
0 0.9223958333333333 0.8537037037037036 0.019791666666666652 0.03888888888888886
