0 0.09270833333333334 0.525 0.015625 0.031481481481481444
0 0.128125 0.9287037037037037 0.018750000000000017 0.03888888888888897
0 0.15052083333333333 0.6731481481481482 0.01979166666666668 0.042592592592592515
0 0.20520833333333333 0.9787037037037036 0.01874999999999999 0.03888888888888886
0 0.26197916666666665 0.11388888888888889 0.019791666666666652 0.03518518518518518
0 0.34609375 0.38842592592592595 0.029687500000000033 0.06388888888888894
0 0.38541666666666663 0.2953703703703704 0.016666666666666663 0.04259259259259257
0 0.425 0.16296296296296298 0.029166666666666674 0.0425925925925926
0 0.47552083333333334 0.05277777777777777 0.018750000000000044 0.03888888888888888
0 0.4822916666666667 0.6689814814814815 0.022916666666666696 0.03240740740740744
0 0.48932291666666666 0.15925925925925927 0.020312499999999956 0.048148148148148134
0 0.5171875 0.17962962962962964 0.019791666666666652 0.05185185185185184
0 0.5885416666666667 0.7787037037037037 0.018749999999999933 0.03888888888888886
0 0.6109374999999999 0.09259259259259259 0.021874999999999978 0.03888888888888889
