0 0.06979166666666667 0.5578703703703703 0.018749999999999996 0.05277777777777781
0 0.11979166666666666 0.7435185185185185 0.01666666666666665 0.03888888888888886
0 0.12213541666666666 0.6148148148148148 0.01718750000000001 0.042592592592592515
0 0.33333333333333337 0.6578703703703703 0.01874999999999999 0.04351851851851851
0 0.3580729166666667 0.5796296296296296 0.0234375 0.04629629629629628
0 0.4432291666666667 0.29814814814814816 0.021874999999999978 0.04999999999999999
0 0.4515625 0.48055555555555557 0.01874999999999999 0.042592592592592626
0 0.48697916666666663 0.2101851851851852 0.01874999999999999 0.0425925925925926
0 0.5546875 0.9694444444444444 0.015625 0.03518518518518521
0 0.5653645833333334 0.23981481481481481 0.026562499999999933 0.0537037037037037
0 0.5723958333333334 0.9226851851851852 0.017708333333333326 0.03981481481481475
