0 0.1328125 0.6018518518518519 0.016666666666666663 0.03888888888888897
0 0.20156249999999998 0.15833333333333333 0.026041666666666657 0.08148148148148147
0 0.39348958333333334 0.21342592592592594 0.020312499999999956 0.04351851851851851
0 0.4278645833333333 0.1486111111111111 0.017187500000000022 0.04351851851851851
0 0.4408854166666667 0.20601851851851852 0.017187499999999967 0.03425925925925927
0 0.47552083333333334 0.9481481481481482 0.015625 0.03518518518518521
0 0.50703125 0.7337962962962963 0.017187500000000022 0.037962962962962976
0 0.5106770833333334 0.7851851851851852 0.014062499999999978 0.031481481481481444
0 0.5119791666666667 0.14166666666666666 0.015625 0.0314814814814815
0 0.5341145833333333 0.8763888888888889 0.0234375 0.04166666666666674
0 0.5367187499999999 0.13287037037037036 0.014062499999999978 0.028703703703703703
