0 0.0046875 0.6523148148148148 0.009375 0.06018518518518523
0 0.0578125 0.5625 0.015625 0.03425925925925921
0 0.39088541666666665 0.34351851851851856 0.017187500000000022 0.03518518518518515
0 0.4080729166666667 0.1824074074074074 0.027604166666666652 0.03888888888888889
0 0.44375 0.2569444444444444 0.029166666666666674 0.0490740740740741
0 0.4473958333333333 0.34305555555555556 0.016666666666666663 0.03240740740740744
0 0.45677083333333335 0.2847222222222222 0.015625 0.041666666666666685
0 0.46171874999999996 0.07361111111111111 0.02031250000000001 0.04351851851851852
0 0.471875 0.1824074074074074 0.025000000000000022 0.0537037037037037
0 0.47291666666666665 0.24166666666666667 0.02291666666666664 0.05185185185185187
0 0.5135416666666667 0.175 0.016666666666666607 0.0425925925925926
0 0.5726562500000001 0.32685185185185184 0.017187500000000022 0.03518518518518521
0 0.58984375 0.75 0.014062500000000089 0.03518518518518521
0 0.5914062499999999 0.1175925925925926 0.01822916666666663 0.03888888888888889
0 0.61015625 0.12268518518518517 0.01822916666666663 0.04722222222222221
0 0.6166666666666667 0.4087962962962963 0.018750000000000044 0.02870370370370373
0 0.6208333333333333 0.4148148148148148 0.021874999999999978 0.03518518518518521
0 0.6229166666666667 0.48842592592592593 0.018750000000000044 0.04537037037037034
0 0.6239583333333334 0.4425925925925926 0.019791666666666763 0.03888888888888886
