0 0.0265625 0.40324074074074073 0.017708333333333333 0.04351851851851851
0 0.028125 0.5643518518518518 0.029166666666666667 0.056481481481481466
0 0.4278645833333333 0.14074074074074075 0.021354166666666674 0.05
0 0.4604166666666667 0.18518518518518517 0.024999999999999967 0.05555555555555555
0 0.46197916666666666 0.06574074074074074 0.021874999999999978 0.03888888888888889
0 0.471875 0.8148148148148149 0.015625 0.03703703703703709
0 0.4861979166666667 0.15555555555555556 0.02031250000000001 0.04259259259259257
0 0.4942708333333333 0.040740740740740744 0.016666666666666607 0.04259259259259259
0 0.4984375 0.24768518518518517 0.015625 0.036111111111111094
0 0.53125 0.6708333333333333 0.022916666666666696 0.06388888888888888
0 0.5424479166666667 0.7671296296296296 0.017187500000000022 0.04907407407407405
0 0.5838541666666666 0.7638888888888888 0.017708333333333326 0.03888888888888886
