0 0.065625 0.7537037037037038 0.018749999999999996 0.02777777777777779
0 0.45234375000000004 0.019444444444444445 0.02031250000000001 0.03888888888888889
0 0.46848958333333335 0.08518518518518518 0.02031250000000001 0.03518518518518518
0 0.52109375 0.7587962962962963 0.020312499999999956 0.05277777777777781
0 0.5403645833333333 0.17314814814814816 0.017187500000000022 0.03148148148148147
0 0.5596354166666666 0.11388888888888889 0.017187500000000022 0.05185185185185184
0 0.5874999999999999 0.587037037037037 0.021874999999999978 0.061111111111111116
0 0.60078125 0.7578703703703704 0.017187500000000022 0.04351851851851851
0 0.6010416666666667 0.7287037037037037 0.018750000000000044 0.061111111111111116
0 0.6052083333333333 0.700462962962963 0.019791666666666652 0.04537037037037028
0 0.60703125 0.8652777777777778 0.0234375 0.030555555555555558
