0 0.06848958333333334 0.912037037037037 0.0171875 0.04999999999999993
0 0.43489583333333337 0.12685185185185185 0.01874999999999999 0.042592592592592585
0 0.5143229166666667 0.8722222222222222 0.01822916666666663 0.050000000000000044
0 0.5395833333333333 0.07546296296296297 0.018750000000000044 0.04351851851851852
0 0.546875 0.687962962962963 0.02499999999999991 0.031481481481481444
0 0.5541666666666667 0.8976851851851853 0.015625 0.036111111111111094
0 0.66328125 0.40185185185185185 0.020312500000000067 0.03888888888888886
0 0.6729166666666666 0.38981481481481484 0.01666666666666672 0.03888888888888892
0 0.9536458333333333 0.5796296296296297 0.015625 0.03888888888888886
0 0.9752604166666667 0.21481481481481482 0.014062499999999978 0.0314814814814815
