0 0.04088541666666667 0.6879629629629629 0.017187499999999994 0.042592592592592626
0 0.06041666666666667 0.38425925925925924 0.019791666666666666 0.03518518518518521
0 0.08411458333333333 0.35555555555555557 0.02135416666666666 0.04629629629629628
0 0.11197916666666667 0.3569444444444444 0.015625 0.0398148148148148
0 0.11927083333333333 0.4 0.02604166666666667 0.05185185185185187
0 0.125 0.5462962962962963 0.016666666666666663 0.03888888888888886
0 0.18385416666666665 0.31481481481481477 0.018750000000000017 0.06296296296296294
0 0.1921875 0.3018518518518518 0.01979166666666668 0.05185185185185187
0 0.42473958333333334 0.36944444444444446 0.020312499999999956 0.046296296296296335
0 0.665625 0.9416666666666667 0.015625 0.03888888888888886
0 0.6692708333333333 0.6611111111111111 0.018749999999999933 0.050000000000000044
0 0.6783854166666667 0.2324074074074074 0.020312500000000067 0.0425925925925926
0 0.6791666666666667 0.7138888888888889 0.018750000000000044 0.03518518518518521
0 0.6848958333333334 0.0712962962962963 0.019791666666666652 0.05
0 0.6890625 0.09768518518518518 0.019791666666666652 0.04166666666666667
0 0.6911458333333333 0.6324074074074074 0.018750000000000044 0.03888888888888897
0 0.703125 0.9703703703703703 0.018750000000000044 0.04629629629629628
0 0.73046875 0.29768518518518516 0.01822916666666674 0.041666666666666685
0 0.734375 0.23796296296296296 0.022916666666666696 0.04999999999999999
