0 0.0171875 0.34814814814814815 0.021875 0.05555555555555558
0 0.05807291666666667 0.5777777777777777 0.026562499999999996 0.0537037037037037
0 0.06328125 0.42083333333333334 0.021354166666666667 0.056481481481481466
0 0.37473958333333335 0.5013888888888889 0.0234375 0.041666666666666685
0 0.484375 0.12129629629629629 0.018750000000000044 0.04999999999999999
0 0.5067708333333334 0.09166666666666667 0.021874999999999978 0.05
0 0.5427083333333333 0.16064814814814815 0.025000000000000022 0.05277777777777776
0 0.5549479166666667 0.18981481481481483 0.024479166666666607 0.05555555555555555
0 0.5559895833333333 0.21759259259259262 0.017187500000000022 0.0425925925925926
0 0.5653645833333334 0.1212962962962963 0.020312500000000067 0.0425925925925926
0 0.5690104166666667 0.7842592592592592 0.021354166666666674 0.0351851851851851
0 0.6171875 0.3101851851851852 0.022916666666666696 0.03888888888888886
0 0.6239583333333334 0.6851851851851851 0.025000000000000022 0.0703703703703703
0 0.6442708333333333 0.7046296296296296 0.023958333333333304 0.050000000000000044
