0 0.062239583333333334 0.5726851851851852 0.0234375 0.04907407407407405
0 0.3705729166666667 0.49722222222222223 0.02656249999999999 0.05370370370370364
0 0.39166666666666666 0.4787037037037037 0.025000000000000022 0.059259259259259234
0 0.4796875 0.11666666666666667 0.019791666666666652 0.042592592592592585
0 0.50390625 0.08981481481481482 0.0234375 0.05185185185185186
0 0.5377604166666667 0.1560185185185185 0.026562499999999933 0.052777777777777785
0 0.5533854166666667 0.2162037037037037 0.020312500000000067 0.036111111111111094
0 0.5645833333333333 0.11435185185185186 0.02187500000000009 0.052777777777777785
0 0.5684895833333333 0.7828703703703703 0.020312499999999956 0.037962962962962976
0 0.609375 0.31342592592592594 0.02187500000000009 0.045370370370370394
0 0.6197916666666667 0.6912037037037038 0.025000000000000022 0.0712962962962963
0 0.6380208333333334 0.8009259259259259 0.019791666666666652 0.042592592592592515
0 0.6393229166666667 0.9666666666666667 0.017187500000000022 0.031481481481481444
0 0.6442708333333333 0.7055555555555556 0.022916666666666696 0.04629629629629628
