0 0.014062499999999999 0.4282407407407407 0.013541666666666665 0.032407407407407385
0 0.053125 0.4273148148148148 0.018750000000000003 0.056481481481481466
0 0.05703125 0.5833333333333333 0.027604166666666666 0.0537037037037037
0 0.3104166666666667 0.612037037037037 0.016666666666666663 0.031481481481481444
0 0.46979166666666666 0.14583333333333334 0.018750000000000044 0.043518518518518526
0 0.4848958333333333 0.21296296296296297 0.016666666666666663 0.02777777777777779
0 0.4901041666666667 0.11805555555555555 0.01874999999999999 0.04907407407407409
0 0.52578125 0.17962962962962964 0.026562500000000044 0.05555555555555555
0 0.5278645833333333 0.0412037037037037 0.0234375 0.05277777777777778
0 0.54296875 0.24212962962962964 0.020312499999999956 0.049074074074074076
0 0.5471354166666667 0.7925925925925926 0.020312499999999956 0.040740740740740744
0 0.59921875 0.33611111111111114 0.024479166666666607 0.046296296296296335
0 0.60625 0.6995370370370371 0.021874999999999978 0.06018518518518523
0 0.62265625 0.812037037037037 0.020312499999999956 0.051851851851851816
0 0.63203125 0.711111111111111 0.020312500000000067 0.04814814814814816
0 0.8479166666666667 0.07777777777777778 0.018750000000000044 0.03518518518518519
