0 0.023177083333333334 0.3611111111111111 0.01822916666666667 0.051851851851851816
0 0.3265625 0.36388888888888893 0.024999999999999967 0.03888888888888892
0 0.3486979166666667 0.44814814814814813 0.024479166666666663 0.04629629629629628
0 0.4546875 0.06944444444444445 0.019791666666666707 0.0425925925925926
0 0.4705729166666667 0.1375 0.017187500000000022 0.028703703703703703
0 0.47552083333333334 0.03796296296296296 0.018750000000000044 0.0537037037037037
0 0.5270833333333333 0.8041666666666667 0.015625 0.04351851851851851
0 0.5302083333333334 0.7342592592592593 0.021874999999999978 0.04629629629629628
0 0.5375000000000001 0.06018518518518519 0.021874999999999978 0.05185185185185185
0 0.56328125 0.1597222222222222 0.01822916666666663 0.03981481481481483
0 0.5911458333333333 0.6361111111111111 0.021874999999999978 0.061111111111111116
0 0.61015625 0.9087962962962963 0.021354166666666674 0.037962962962962976
0 0.61015625 0.7486111111111111 0.021354166666666674 0.05648148148148158
0 0.61328125 0.6513888888888888 0.01718749999999991 0.036111111111111094
