0 0.022656250000000003 0.9263888888888889 0.021354166666666667 0.056481481481481466
0 0.18463541666666666 0.9171296296296296 0.02031250000000001 0.03240740740740744
0 0.6546875 0.6509259259259259 0.019791666666666652 0.04629629629629628
0 0.6661458333333333 0.17222222222222222 0.02499999999999991 0.05555555555555558
0 0.6864583333333333 0.7555555555555555 0.015625 0.042592592592592626
0 0.7015625 0.7824074074074074 0.019791666666666652 0.051851851851851816
0 0.71875 0.38703703703703707 0.015625 0.046296296296296335
0 0.784375 0.7513888888888889 0.019791666666666652 0.04537037037037028
0 0.8046875 0.7518518518518518 0.016666666666666607 0.042592592592592626
0 0.8109375 0.35462962962962963 0.019791666666666652 0.042592592592592626
0 0.8536458333333333 0.9546296296296296 0.034375000000000044 0.031481481481481444
0 0.8708333333333333 0.8796296296296297 0.019791666666666652 0.031481481481481444
0 0.91875 0.8518518518518519 0.019791666666666652 0.03888888888888897
