0 0.0078125 0.4564814814814815 0.015625 0.051851851851851816
0 0.040625 0.5921296296296297 0.03125 0.06388888888888888
0 0.09843750000000001 0.8629629629629629 0.018750000000000003 0.03888888888888886
0 0.35572916666666665 0.5171296296296296 0.021874999999999978 0.04907407407407405
0 0.3625 0.5069444444444444 0.03125 0.05648148148148152
0 0.3729166666666667 0.4935185185185186 0.022916666666666696 0.05185185185185187
0 0.46770833333333334 0.11851851851851852 0.018750000000000044 0.042592592592592585
0 0.49140625 0.09907407407407406 0.026562499999999933 0.05
0 0.5484374999999999 0.12037037037037038 0.021874999999999978 0.046296296296296294
0 0.5513020833333333 0.7884259259259259 0.0234375 0.047222222222222165
0 0.5520833333333333 0.8675925925925927 0.021874999999999978 0.0537037037037037
0 0.5523437499999999 0.8212962962962963 0.021354166666666674 0.0888888888888888
0 0.60625 0.7041666666666666 0.021874999999999978 0.06018518518518523
0 0.6260416666666666 0.7208333333333333 0.021874999999999978 0.047222222222222276
0 0.8031250000000001 0.39166666666666666 0.021874999999999978 0.042592592592592626
0 0.8994791666666666 0.10879629629629631 0.01666666666666672 0.047222222222222235
0 0.9645833333333333 0.5097222222222222 0.018750000000000044 0.03981481481481486
