0 0.18619791666666666 0.9254629629629629 0.021354166666666674 0.03425925925925921
0 0.6643229166666667 0.6592592592592592 0.0234375 0.05555555555555547
0 0.67265625 0.18055555555555555 0.029687499999999978 0.0537037037037037
0 0.6942708333333334 0.7555555555555555 0.01666666666666672 0.04629629629629628
0 0.7106770833333333 0.7847222222222223 0.017187500000000022 0.045370370370370394
0 0.7252604166666667 0.38842592592592595 0.017187500000000022 0.0490740740740741
0 0.7322916666666667 0.8240740740740741 0.018750000000000044 0.03888888888888897
0 0.7895833333333333 0.7537037037037038 0.018750000000000044 0.0351851851851851
0 0.828125 0.7300925925925925 0.015625 0.03981481481481486
0 0.8684895833333333 0.9569444444444444 0.03385416666666663 0.030555555555555558
0 0.8989583333333333 0.38796296296296295 0.015625 0.042592592592592626
