0 0.02395833333333333 0.49444444444444446 0.01875 0.04259259259259257
0 0.14635416666666667 0.3731481481481481 0.015625 0.03518518518518515
0 0.3578125 0.10925925925925926 0.024999999999999967 0.05000000000000002
0 0.3692708333333333 0.8939814814814815 0.01874999999999999 0.03981481481481475
0 0.3692708333333333 0.95 0.017708333333333326 0.02962962962962956
0 0.3875 0.17407407407407405 0.021874999999999978 0.03888888888888889
0 0.4223958333333333 0.11342592592592593 0.019791666666666707 0.041666666666666685
0 0.43072916666666666 0.09166666666666667 0.021874999999999978 0.046296296296296294
0 0.5252604166666667 0.05092592592592593 0.01822916666666674 0.03148148148148148
0 0.5492187500000001 0.3814814814814815 0.01822916666666663 0.042592592592592626
0 0.859375 0.7902777777777779 0.018750000000000044 0.047222222222222165
