0 0.175 0.9199074074074074 0.02291666666666667 0.03425925925925921
0 0.6484375 0.6546296296296297 0.019791666666666652 0.03888888888888886
0 0.6986979166666667 0.7842592592592592 0.017187500000000022 0.04629629629629639
0 0.7052083333333333 0.7152777777777778 0.018750000000000044 0.03981481481481475
0 0.71484375 0.3800925925925926 0.01822916666666674 0.04907407407407405
0 0.72109375 0.8296296296296296 0.020312499999999956 0.04629629629629628
0 0.7447916666666667 0.3222222222222222 0.018749999999999933 0.055555555555555525
0 0.7653645833333333 0.33055555555555555 0.021354166666666674 0.04629629629629628
0 0.7768229166666667 0.7587962962962963 0.017187500000000022 0.03981481481481475
0 0.7986979166666667 0.6930555555555555 0.01822916666666674 0.037962962962962976
0 0.8088541666666667 0.35231481481481486 0.018750000000000044 0.041666666666666685
0 0.8174479166666666 0.7273148148148149 0.014062499999999978 0.037962962962962976
0 0.8497395833333333 0.9541666666666666 0.04322916666666665 0.030555555555555558
0 0.8721354166666666 0.8819444444444444 0.01822916666666663 0.037962962962962976
0 0.8921874999999999 0.38055555555555554 0.021874999999999978 0.04999999999999999
0 0.9263020833333333 0.13240740740740742 0.014062499999999978 0.03148148148148147
