0 0.03125 0.3935185185185185 0.02291666666666667 0.046296296296296335
0 0.0375 0.3638888888888889 0.019791666666666666 0.03518518518518521
0 0.45807291666666666 0.10462962962962963 0.020312499999999956 0.04999999999999999
0 0.46119791666666665 0.6393518518518518 0.02656249999999999 0.047222222222222276
0 0.47187500000000004 0.08703703703703704 0.026041666666666685 0.05740740740740741
0 0.47291666666666665 0.1652777777777778 0.01874999999999999 0.028703703703703703
0 0.4786458333333333 0.07407407407407407 0.01874999999999999 0.05
0 0.5127604166666666 0.15231481481481482 0.02656249999999999 0.06759259259259259
0 0.52890625 0.20370370370370372 0.0234375 0.04629629629629631
0 0.5296875 0.8328703703703704 0.016666666666666607 0.04166666666666674
0 0.5315104166666667 0.7648148148148148 0.020312499999999956 0.03888888888888886
0 0.5401041666666666 0.09537037037037037 0.021874999999999978 0.04999999999999999
0 0.5877604166666667 0.5597222222222222 0.03385416666666674 0.08796296296296302
0 0.5947916666666666 0.6601851851851852 0.021874999999999978 0.06481481481481477
0 0.6106770833333333 0.7777777777777778 0.017187500000000022 0.042592592592592515
