0 0.2015625 0.6425925925925926 0.015625 0.040740740740740744
0 0.30989583333333337 0.026851851851851852 0.02812500000000001 0.053703703703703705
0 0.3885416666666667 0.4703703703703703 0.019791666666666652 0.04259259259259257
0 0.42421875 0.19722222222222224 0.017187499999999967 0.0425925925925926
0 0.4427083333333333 0.12916666666666668 0.03125 0.03981481481481482
0 0.45078125 0.13055555555555556 0.027604166666666707 0.042592592592592585
0 0.45989583333333334 0.6361111111111111 0.028124999999999956 0.0537037037037037
0 0.46171875 0.13101851851851853 0.021354166666666674 0.04166666666666666
0 0.5182291666666666 0.12175925925925926 0.019791666666666652 0.04351851851851851
0 0.6161458333333334 0.4287037037037037 0.021874999999999978 0.03888888888888886
