0 0.15416666666666667 0.46574074074074073 0.016666666666666663 0.03518518518518521
0 0.3455729166666667 0.3314814814814815 0.017187500000000022 0.05555555555555558
0 0.3640625 0.18333333333333335 0.025000000000000022 0.04629629629629631
0 0.38645833333333335 0.39444444444444443 0.016666666666666663 0.03888888888888886
0 0.390625 0.2564814814814815 0.025000000000000022 0.051851851851851816
0 0.4041666666666667 0.3412037037037037 0.021874999999999978 0.03796296296296292
0 0.41484375 0.30092592592592593 0.017187500000000022 0.0537037037037037
0 0.415625 0.27361111111111114 0.01874999999999999 0.0398148148148148
0 0.41796875 0.06666666666666667 0.017187500000000022 0.0462962962962963
0 0.42682291666666666 0.23750000000000002 0.01822916666666663 0.041666666666666685
0 0.43333333333333335 0.17685185185185187 0.01874999999999999 0.04629629629629631
0 0.4421875 0.15833333333333333 0.015625 0.03888888888888889
0 0.5192708333333333 0.6875 0.018750000000000044 0.03425925925925921
0 0.5223958333333333 0.7814814814814814 0.015625 0.042592592592592626
0 0.5419270833333334 0.7379629629629629 0.017187500000000022 0.03888888888888886
0 0.54609375 0.13055555555555554 0.017187500000000022 0.03888888888888889
0 0.5729166666666667 0.4916666666666667 0.018749999999999933 0.04259259259259257
0 0.5924479166666667 0.4546296296296296 0.017187500000000022 0.03518518518518515
