0 0.30546874999999996 0.5328703703703703 0.024479166666666663 0.0527777777777777
0 0.42708333333333337 0.11481481481481481 0.026041666666666685 0.04999999999999999
0 0.47265625 0.6041666666666667 0.026562500000000044 0.03981481481481486
0 0.48177083333333337 0.6027777777777779 0.02812500000000001 0.0537037037037037
0 0.48802083333333335 0.7194444444444444 0.024999999999999967 0.050000000000000044
0 0.5403645833333333 0.8087962962962962 0.021354166666666674 0.03425925925925932
0 0.5403645833333333 0.8837962962962963 0.017187500000000022 0.04537037037037028
0 0.5614583333333334 0.7092592592592593 0.019791666666666763 0.07222222222222219
0 0.609375 0.7851851851851852 0.022916666666666696 0.03888888888888886
0 0.61015625 0.09907407407407408 0.0234375 0.03888888888888889
0 0.64140625 0.3824074074074074 0.026562499999999933 0.042592592592592626
