0 0.018750000000000003 0.961111111111111 0.0125 0.033333333333333326
0 0.07786458333333332 0.6875 0.027604166666666666 0.05277777777777781
0 0.14114583333333333 0.8083333333333333 0.019791666666666652 0.050000000000000044
0 0.17890625 0.3134259259259259 0.021354166666666646 0.05277777777777776
0 0.23020833333333335 0.5439814814814815 0.018750000000000017 0.037962962962962976
0 0.5432291666666667 0.3657407407407407 0.021874999999999978 0.04999999999999999
0 0.6309895833333334 0.5888888888888889 0.021354166666666674 0.03518518518518521
0 0.6419270833333333 0.09537037037037037 0.020312500000000067 0.04629629629629631
0 0.64375 0.27222222222222225 0.018749999999999933 0.04259259259259257
0 0.6520833333333333 0.5967592592592592 0.021874999999999978 0.037962962962962976
0 0.696875 0.10787037037037037 0.018750000000000044 0.056481481481481466
0 0.71796875 0.18657407407407406 0.020312500000000067 0.04351851851851854
