0 0.10625 0.3388888888888889 0.02291666666666667 0.04629629629629628
0 0.13958333333333334 0.37824074074074077 0.015625 0.03796296296296292
0 0.184375 0.5402777777777779 0.01979166666666668 0.03981481481481486
0 0.43671875 0.1513888888888889 0.0234375 0.045370370370370366
0 0.528125 0.8722222222222222 0.015625 0.042592592592592515
0 0.5330729166666667 0.8833333333333333 0.01822916666666674 0.050000000000000044
0 0.5549479166666667 0.3351851851851852 0.017187500000000022 0.03518518518518521
0 0.55625 0.5717592592592593 0.028124999999999956 0.037962962962962976
0 0.6611979166666666 0.39814814814814814 0.015104166666666585 0.02777777777777779
0 0.8361979166666667 0.7643518518518518 0.017187500000000022 0.03240740740740744
