0 0.33046875 0.5944444444444444 0.024479166666666663 0.051851851851851816
0 0.44557291666666665 0.21666666666666667 0.0234375 0.0537037037037037
0 0.44817708333333334 0.7263888888888889 0.017187500000000022 0.037962962962962976
0 0.44895833333333335 0.7615740740740741 0.029166666666666674 0.037962962962962976
0 0.4692708333333333 0.18148148148148147 0.02291666666666664 0.05185185185185184
0 0.47291666666666665 0.7638888888888888 0.02291666666666664 0.04629629629629639
0 0.47421875 0.39768518518518514 0.02031250000000001 0.0398148148148148
0 0.5088541666666666 0.24444444444444444 0.025000000000000022 0.055555555555555525
0 0.5125 0.09398148148148149 0.018749999999999933 0.045370370370370366
0 0.521875 0.3208333333333333 0.022916666666666696 0.06388888888888894
0 0.53515625 0.2013888888888889 0.020312499999999956 0.04166666666666666
0 0.5385416666666667 0.9768518518518519 0.018750000000000044 0.04999999999999993
0 0.5640625 0.04814814814814815 0.022916666666666696 0.0425925925925926
0 0.6130208333333333 0.8129629629629629 0.017708333333333326 0.03888888888888886
0 0.8875 0.2675925925925926 0.015625 0.0314814814814815
0 0.9669270833333333 0.6027777777777779 0.0234375 0.042592592592592626
