0 0.008854166666666666 0.7268518518518519 0.013541666666666667 0.06851851851851853
0 0.0171875 0.8722222222222222 0.015625 0.03703703703703698
0 0.08020833333333333 0.5425925925925926 0.016666666666666677 0.03518518518518521
0 0.10234375 0.45092592592592595 0.032812499999999994 0.05740740740740741
0 0.3828125 0.312962962962963 0.015625 0.05185185185185187
0 0.40390625 0.32546296296296295 0.02031250000000001 0.045370370370370394
0 0.4213541666666667 0.16712962962962963 0.026041666666666685 0.05277777777777776
0 0.48333333333333334 0.17546296296296296 0.021874999999999978 0.04722222222222222
0 0.5010416666666667 0.2101851851851852 0.016666666666666663 0.03518518518518518
0 0.5182291666666666 0.16666666666666669 0.023958333333333304 0.03888888888888889
0 0.5739583333333333 0.5833333333333333 0.018750000000000044 0.031481481481481555
0 0.5846354166666667 0.31574074074074077 0.017187500000000022 0.03518518518518515
0 0.6072916666666667 0.1 0.018750000000000044 0.037037037037037035
0 0.6177083333333333 0.10092592592592592 0.02083333333333337 0.042592592592592585
