0 0.013281250000000001 0.3768518518518519 0.0203125 0.04999999999999999
0 0.021354166666666667 0.45555555555555555 0.019791666666666666 0.0537037037037037
0 0.04010416666666667 0.5064814814814815 0.015625 0.042592592592592626
0 0.06380208333333334 0.43981481481481477 0.019270833333333334 0.04999999999999999
0 0.06875 0.599537037037037 0.028124999999999997 0.0527777777777777
0 0.09322916666666667 0.7606481481481482 0.018750000000000003 0.037962962962962976
0 0.27656250000000004 0.6875 0.01874999999999999 0.05648148148148158
0 0.32109374999999996 0.6166666666666667 0.02031250000000001 0.03518518518518521
0 0.48359375000000004 0.1523148148148148 0.018229166666666685 0.049074074074074076
0 0.4859375 0.6768518518518518 0.02916666666666662 0.042592592592592626
0 0.503125 0.12361111111111112 0.016666666666666663 0.043518518518518526
0 0.5388020833333333 0.20092592592592595 0.026562500000000044 0.05925925925925926
0 0.5434895833333333 0.0375 0.02447916666666672 0.05277777777777777
0 0.559375 0.8657407407407407 0.018749999999999933 0.04629629629629628
0 0.5609375 0.7986111111111112 0.019791666666666652 0.037962962962962865
0 0.5643229166666667 0.14814814814814814 0.020312499999999956 0.05185185185185186
0 0.6403645833333333 0.8125 0.020312499999999956 0.03981481481481475
0 0.6416666666666666 0.7189814814814814 0.018749999999999933 0.036111111111111094
