0 0.453125 0.014814814814814814 0.018750000000000044 0.027777777777777776
0 0.45390624999999996 0.55 0.024479166666666663 0.0351851851851851
0 0.4703125 0.07361111111111111 0.01874999999999999 0.03240740740740741
0 0.5216145833333333 0.7537037037037038 0.020312499999999956 0.04999999999999993
0 0.52265625 0.6791666666666667 0.020312500000000067 0.036111111111111094
0 0.5416666666666666 0.16296296296296298 0.015625 0.03148148148148147
0 0.5596354166666666 0.10185185185185185 0.020312500000000067 0.05185185185185184
0 0.5841145833333334 0.2 0.021354166666666674 0.0425925925925926
0 0.5890625 0.5782407407407408 0.018749999999999933 0.056481481481481466
0 0.6067708333333333 0.6921296296296295 0.021874999999999978 0.045370370370370394
