0 0.013541666666666667 0.4425925925925926 0.01875 0.029629629629629672
0 0.121875 0.6916666666666667 0.021875000000000006 0.04629629629629628
0 0.19088541666666664 0.23657407407407408 0.015104166666666669 0.02685185185185185
0 0.43255208333333334 0.13287037037037036 0.017187500000000022 0.045370370370370366
0 0.5184895833333334 0.8731481481481482 0.020312500000000067 0.0537037037037037
0 0.5447916666666667 0.6759259259259258 0.014583333333333393 0.033333333333333326
0 0.5692708333333334 0.05046296296296296 0.013541666666666674 0.03425925925925926
0 0.5994791666666667 0.2847222222222222 0.019791666666666652 0.041666666666666685
0 0.6276041666666667 0.09907407407407408 0.018749999999999933 0.03888888888888889
0 0.6822916666666667 0.3907407407407407 0.01666666666666672 0.03888888888888892
0 0.971875 0.22499999999999998 0.015625 0.03148148148148147
