0 0.05026041666666667 0.38935185185185184 0.021354166666666667 0.0398148148148148
0 0.4622395833333333 0.6601851851851852 0.027604166666666652 0.042592592592592626
0 0.48020833333333335 0.10231481481481482 0.01874999999999999 0.049074074074074076
0 0.5369791666666667 0.2277777777777778 0.018750000000000044 0.0425925925925926
0 0.546875 0.12962962962962962 0.022916666666666696 0.04999999999999999
0 0.5848958333333334 0.23657407407407408 0.021874999999999978 0.05277777777777776
0 0.5973958333333333 0.31712962962962965 0.022916666666666696 0.03611111111111115
0 0.59765625 0.6935185185185185 0.0234375 0.05740740740740735
0 0.5989583333333333 0.3597222222222222 0.02083333333333337 0.03425925925925921
0 0.6276041666666667 0.6962962962962963 0.021874999999999978 0.03888888888888897
0 0.6778645833333333 0.3787037037037037 0.020312499999999956 0.031481481481481444
0 0.6864583333333334 0.05972222222222222 0.025000000000000022 0.05277777777777778
0 0.8492187499999999 0.1685185185185185 0.014062499999999978 0.03518518518518518
0 0.8583333333333333 0.5513888888888889 0.015625 0.036111111111111094
0 0.9880208333333333 0.5907407407407408 0.015625 0.02962962962962956
