0 0.14505208333333333 0.42592592592592593 0.014062499999999978 0.031481481481481444
0 0.15182291666666667 0.049074074074074076 0.018229166666666685 0.03518518518518519
0 0.31875 0.20694444444444443 0.019791666666666707 0.03055555555555553
0 0.35651041666666666 0.15462962962962962 0.01822916666666663 0.03888888888888889
0 0.37239583333333337 0.9675925925925926 0.01874999999999999 0.031481481481481444
0 0.38697916666666665 0.22037037037037038 0.021874999999999978 0.04629629629629631
0 0.39947916666666666 0.30092592592592593 0.015625 0.03888888888888886
0 0.42473958333333334 0.15694444444444444 0.021354166666666674 0.045370370370370366
0 0.4252604166666667 0.1648148148148148 0.017187499999999967 0.044444444444444425
0 0.4341145833333333 0.12453703703703703 0.018229166666666685 0.04166666666666667
0 0.45677083333333335 0.1509259259259259 0.015625 0.03888888888888889
0 0.5138020833333333 0.2847222222222222 0.015104166666666696 0.030555555555555558
0 0.5283854166666666 0.09814814814814815 0.017187500000000022 0.03888888888888889
0 0.5598958333333334 0.42268518518518516 0.019791666666666652 0.03796296296296292
