0 0.015625 0.8907407407407408 0.019791666666666666 0.03888888888888886
0 0.0765625 0.4444444444444444 0.018750000000000003 0.03888888888888892
0 0.21588541666666666 0.36018518518518516 0.021354166666666674 0.0537037037037037
0 0.27656250000000004 0.2064814814814815 0.02812500000000001 0.03888888888888889
0 0.45286458333333335 0.44212962962962965 0.021354166666666674 0.05277777777777776
0 0.4609375 0.4305555555555556 0.028124999999999956 0.04999999999999999
0 0.46406250000000004 0.7319444444444445 0.01874999999999999 0.03981481481481486
0 0.46848958333333335 0.4199074074074074 0.021354166666666674 0.05277777777777776
0 0.4822916666666667 0.36064814814814816 0.02604166666666663 0.060185185185185175
0 0.6880208333333333 0.6152777777777778 0.021874999999999978 0.05277777777777781
0 0.7174479166666667 0.7125 0.020312500000000067 0.04907407407407405
0 0.7270833333333333 0.7967592592592593 0.019791666666666652 0.06018518518518512
0 0.7296875 0.10601851851851853 0.025000000000000022 0.049074074074074076
0 0.77734375 0.28240740740740744 0.0234375 0.04259259259259257
