0 0.15885416666666666 0.4398148148148148 0.013541666666666674 0.02777777777777779
0 0.24791666666666667 0.3925925925925926 0.016666666666666635 0.029629629629629617
0 0.3705729166666667 0.1648148148148148 0.02656249999999999 0.04629629629629631
0 0.39973958333333337 0.13287037037037036 0.02031250000000001 0.049074074074074076
0 0.4 0.2375 0.02291666666666664 0.04722222222222225
0 0.4145833333333333 0.1875 0.016666666666666663 0.04351851851851851
0 0.41536458333333337 0.312037037037037 0.02031250000000001 0.04259259259259257
0 0.44166666666666665 0.1652777777777778 0.02291666666666664 0.052777777777777785
0 0.4666666666666667 0.1439814814814815 0.01874999999999999 0.03981481481481482
0 0.5736979166666667 0.4398148148148148 0.017187500000000022 0.042592592592592626
