0 0.15859374999999998 0.44814814814814813 0.014062500000000006 0.02777777777777779
0 0.2513020833333333 0.40046296296296297 0.017187499999999994 0.028703703703703676
0 0.37786458333333334 0.17314814814814816 0.026562500000000044 0.04629629629629631
0 0.40338541666666666 0.13935185185185184 0.020312499999999956 0.049074074074074076
0 0.4041666666666667 0.2412037037037037 0.022916666666666696 0.04722222222222225
0 0.41927083333333337 0.19768518518518519 0.016666666666666663 0.04351851851851851
0 0.4200520833333333 0.3175925925925926 0.02031250000000001 0.042592592592592626
0 0.44166666666666665 0.1736111111111111 0.02291666666666664 0.052777777777777785
0 0.4744791666666667 0.15694444444444444 0.01874999999999999 0.0398148148148148
0 0.5783854166666667 0.44675925925925924 0.017187500000000022 0.04351851851851851
