0 0.39479166666666665 0.375462962962963 0.02291666666666664 0.0490740740740741
0 0.4041666666666667 0.3666666666666667 0.025000000000000022 0.04999999999999999
0 0.41119791666666666 0.350462962962963 0.021354166666666674 0.04351851851851851
0 0.48489583333333336 0.11481481481481481 0.015625 0.0388888888888889
0 0.4981770833333333 0.8814814814814815 0.020312499999999956 0.062962962962963
0 0.6208333333333333 0.5546296296296296 0.018750000000000044 0.04999999999999993
0 0.6260416666666666 0.6342592592592593 0.018749999999999933 0.05185185185185193
0 0.63515625 0.8226851851851852 0.024479166666666607 0.04166666666666674
0 0.6427083333333333 0.5175925925925926 0.03125 0.05370370370370364
0 0.6497395833333333 0.6527777777777778 0.01822916666666663 0.050000000000000044
0 0.6705729166666667 0.061111111111111116 0.026562499999999933 0.057407407407407414
0 0.7020833333333333 0.962037037037037 0.015625 0.04629629629629628
0 0.8166666666666667 0.29444444444444445 0.019791666666666652 0.0537037037037037
