0 0.16484375 0.9199074074074074 0.0234375 0.03425925925925921
0 0.640625 0.6587962962962963 0.02187500000000009 0.045370370370370394
0 0.671875 0.7532407407407408 0.016666666666666607 0.04351851851851851
0 0.6885416666666666 0.7837962962962963 0.01666666666666672 0.04351851851851851
0 0.7674479166666667 0.7597222222222222 0.01822916666666674 0.04166666666666663
0 0.7903645833333333 0.6893518518518518 0.01822916666666663 0.03981481481481486
0 0.7914062500000001 0.7518518518518519 0.017187500000000022 0.03518518518518521
0 0.8072916666666667 0.7282407407407407 0.012500000000000067 0.04351851851851851
0 0.8609375 0.888425925925926 0.018750000000000044 0.037962962962962976
0 0.9174479166666667 0.13148148148148148 0.017187500000000022 0.031481481481481485
0 0.9309895833333333 0.1875 0.020312500000000067 0.030555555555555558
