0 0.02786458333333333 0.4263888888888889 0.018229166666666668 0.04351851851851851
0 0.02890625 0.5763888888888888 0.0296875 0.056481481481481466
0 0.4341145833333333 0.1425925925925926 0.02135416666666662 0.05
0 0.4666666666666667 0.20370370370370372 0.025000000000000022 0.05555555555555555
0 0.46979166666666666 0.07361111111111111 0.021874999999999978 0.03981481481481481
0 0.4765625 0.8291666666666666 0.015625 0.037962962962962865
0 0.48984375 0.1685185185185185 0.02031250000000001 0.0425925925925926
0 0.4979166666666667 0.042592592592592585 0.016666666666666663 0.042592592592592585
0 0.5046875 0.26435185185185184 0.015624999999999944 0.036111111111111094
0 0.5322916666666666 0.6810185185185185 0.022916666666666585 0.06388888888888888
0 0.5450520833333333 0.7819444444444444 0.01718749999999991 0.04907407407407405
0 0.5835937499999999 0.7814814814814814 0.017187500000000022 0.03888888888888886
