0 0.20833333333333334 0.649537037037037 0.015625 0.03981481481481475
0 0.3130208333333333 0.030092592592592594 0.02812500000000001 0.05277777777777778
0 0.39479166666666665 0.4703703703703703 0.019791666666666652 0.04259259259259257
0 0.43098958333333337 0.20972222222222223 0.017187499999999967 0.041666666666666685
0 0.446875 0.1375 0.03125 0.03981481481481482
0 0.4565104166666667 0.13518518518518519 0.027604166666666707 0.042592592592592585
0 0.46953125 0.12731481481481483 0.021354166666666674 0.04166666666666666
0 0.47161458333333334 0.6435185185185186 0.027604166666666652 0.0537037037037037
0 0.5229166666666667 0.12083333333333335 0.019791666666666652 0.043518518518518526
0 0.6174479166666667 0.4393518518518519 0.021354166666666674 0.0398148148148148
