0 0.026041666666666664 0.3648148148148148 0.01875 0.051851851851851816
0 0.3296875 0.38055555555555554 0.024999999999999967 0.03888888888888892
0 0.35130208333333335 0.46296296296296297 0.024479166666666663 0.04629629629629628
0 0.453125 0.07962962962962963 0.019791666666666652 0.0425925925925926
0 0.47161458333333334 0.15185185185185185 0.017187500000000022 0.029629629629629617
0 0.4765625 0.052777777777777785 0.018750000000000044 0.05370370370370371
0 0.5286458333333333 0.8194444444444444 0.021874999999999978 0.04629629629629628
0 0.5322916666666667 0.7467592592592592 0.015625 0.04351851851851851
0 0.5401041666666666 0.07962962962962963 0.021874999999999978 0.05185185185185185
0 0.5648437500000001 0.16712962962962963 0.01822916666666663 0.0398148148148148
0 0.5921875000000001 0.6444444444444445 0.021874999999999978 0.061111111111111116
0 0.61015625 0.925 0.021354166666666674 0.05740740740740746
0 0.6117187500000001 0.763425925925926 0.021354166666666674 0.037962962962962976
0 0.61640625 0.6657407407407407 0.017187500000000022 0.03518518518518521
