0 0.04114583333333333 0.9476851851851852 0.021875000000000002 0.03981481481481475
0 0.15546875 0.2287037037037037 0.020312499999999983 0.03518518518518518
0 0.175 0.32037037037037036 0.016666666666666663 0.033333333333333326
0 0.3666666666666667 0.45046296296296295 0.021875000000000033 0.03240740740740744
0 0.43333333333333335 0.23009259259259257 0.020833333333333315 0.043518518518518484
0 0.5583333333333333 0.07592592592592592 0.018750000000000044 0.044444444444444446
0 0.5677083333333334 0.1509259259259259 0.019791666666666652 0.05000000000000002
0 0.5690104166666667 0.6805555555555556 0.020312500000000067 0.042592592592592626
0 0.5822916666666667 0.2134259259259259 0.019791666666666652 0.049074074074074076
0 0.5986979166666666 0.7722222222222223 0.01822916666666663 0.050000000000000044
0 0.6182291666666666 0.7472222222222222 0.021874999999999978 0.051851851851851816
0 0.6822916666666667 0.7194444444444444 0.01666666666666672 0.042592592592592515
0 0.7713541666666667 0.9740740740740741 0.043749999999999956 0.03518518518518521
