0 0.33515625000000004 0.587962962962963 0.024479166666666663 0.05185185185185193
0 0.4466145833333333 0.20370370370370372 0.0234375 0.053703703703703726
0 0.45182291666666663 0.7171296296296297 0.017187499999999967 0.037962962962962976
0 0.453125 0.7523148148148148 0.029166666666666674 0.037962962962962976
0 0.47239583333333335 0.16574074074074074 0.02291666666666664 0.05185185185185187
0 0.47552083333333334 0.7574074074074074 0.022916666666666696 0.04629629629629628
0 0.47786458333333337 0.3856481481481482 0.02031250000000001 0.0398148148148148
0 0.5140625000000001 0.23518518518518516 0.025000000000000022 0.05555555555555555
0 0.515625 0.08009259259259259 0.018750000000000044 0.045370370370370366
0 0.5239583333333333 0.30787037037037035 0.022916666666666696 0.06388888888888888
0 0.5393229166666667 0.19027777777777777 0.020312499999999956 0.04166666666666666
0 0.5411458333333333 0.9592592592592593 0.018750000000000044 0.050000000000000044
0 0.5666666666666667 0.030555555555555555 0.022916666666666696 0.04259259259259259
0 0.6158854166666667 0.8055555555555556 0.017187500000000022 0.03888888888888886
0 0.8895833333333333 0.25787037037037036 0.015625 0.03240740740740741
0 0.9674479166666666 0.5916666666666667 0.0234375 0.042592592592592515
