0 0.0046875 0.21064814814814814 0.009375 0.056481481481481494
0 0.12109375 0.36203703703703705 0.0234375 0.04629629629629628
0 0.1453125 0.30138888888888893 0.016666666666666663 0.04722222222222222
0 0.15078124999999998 0.5953703703703703 0.017187499999999994 0.042592592592592626
0 0.17838541666666666 0.2300925925925926 0.0234375 0.060185185185185175
0 0.18151041666666667 0.5814814814814815 0.021354166666666674 0.04629629629629628
0 0.19244791666666666 0.2699074074074074 0.021354166666666674 0.060185185185185175
0 0.23723958333333334 0.45092592592592595 0.015104166666666669 0.03888888888888892
0 0.25546875 0.11805555555555555 0.021354166666666702 0.02685185185185185
0 0.39921874999999996 0.35277777777777775 0.02031250000000001 0.03888888888888892
0 0.415625 0.3310185185185185 0.01874999999999999 0.04537037037037034
0 0.634375 0.6046296296296296 0.016666666666666607 0.03888888888888897
0 0.64453125 0.49212962962962964 0.02968750000000009 0.045370370370370394
0 0.6528645833333333 0.6277777777777778 0.01822916666666663 0.042592592592592515
0 0.6716145833333333 0.03472222222222222 0.021354166666666674 0.05648148148148147
