0 0.06380208333333334 0.5703703703703704 0.01822916666666667 0.04629629629629628
0 0.1140625 0.75 0.015625 0.03888888888888897
0 0.184375 0.03287037037037037 0.024999999999999994 0.049074074074074076
0 0.35468750000000004 0.6032407407407407 0.026041666666666685 0.047222222222222276
0 0.43515625 0.312962962962963 0.0234375 0.046296296296296335
0 0.5526041666666667 0.14953703703703702 0.018750000000000044 0.04351851851851854
0 0.5559895833333334 0.2587962962962963 0.027604166666666652 0.049074074074074076
0 0.5643229166666667 0.9314814814814815 0.020312499999999956 0.042592592592592515
0 0.5882812500000001 0.9023148148148148 0.017187500000000022 0.04351851851851851
0 0.9432291666666667 0.6458333333333333 0.02187500000000009 0.03981481481481486
