0 0.44947916666666665 0.030555555555555558 0.01874999999999999 0.02777777777777778
0 0.45234375000000004 0.5527777777777778 0.024479166666666663 0.03518518518518521
0 0.46875 0.07916666666666666 0.018750000000000044 0.03240740740740741
0 0.52109375 0.6791666666666667 0.020312499999999956 0.036111111111111094
0 0.5221354166666667 0.7592592592592593 0.020312500000000067 0.04999999999999993
0 0.54375 0.17037037037037037 0.015625 0.0314814814814815
0 0.56015625 0.10925925925925925 0.020312499999999956 0.05185185185185186
0 0.5846354166666667 0.20555555555555555 0.021354166666666674 0.0425925925925926
0 0.5880208333333333 0.5837962962962964 0.018750000000000044 0.056481481481481466
0 0.6052083333333333 0.6939814814814815 0.021874999999999978 0.045370370370370394
