0 0.011979166666666666 0.12546296296296297 0.019791666666666666 0.05277777777777777
0 0.35833333333333334 0.5296296296296297 0.021874999999999978 0.05185185185185193
0 0.41796875 0.18611111111111112 0.0234375 0.03888888888888889
0 0.45781249999999996 0.1560185185185185 0.01874999999999999 0.045370370370370366
0 0.48046875 0.07546296296296295 0.020312499999999956 0.03611111111111111
0 0.48854166666666665 0.3 0.015625 0.03518518518518521
0 0.503125 0.18194444444444444 0.018749999999999933 0.04351851851851851
0 0.55078125 0.7310185185185185 0.0234375 0.05277777777777781
0 0.5856770833333333 0.12546296296296294 0.026562500000000044 0.04166666666666666
0 0.6226562499999999 0.12407407407407407 0.021354166666666674 0.048148148148148134
