0 0.005208333333333333 0.12083333333333333 0.009375 0.056481481481481494
0 0.16354166666666667 0.0736111111111111 0.01874999999999999 0.03611111111111111
0 0.29427083333333337 0.40740740740740744 0.024999999999999967 0.05740740740740741
0 0.35859375 0.3398148148148148 0.015104166666666696 0.03888888888888892
0 0.3729166666666667 0.18888888888888888 0.021874999999999978 0.03888888888888889
0 0.40078125 0.25555555555555554 0.0234375 0.046296296296296335
0 0.40390625 0.08287037037037037 0.027604166666666707 0.041666666666666664
0 0.41796875 0.34259259259259256 0.020312499999999956 0.03518518518518515
0 0.42057291666666663 0.0787037037037037 0.02031250000000001 0.0425925925925926
0 0.4330729166666667 0.24166666666666667 0.02031250000000001 0.03888888888888892
0 0.44114583333333335 0.19074074074074074 0.019791666666666652 0.04629629629629628
0 0.44661458333333337 0.1736111111111111 0.017187499999999967 0.04351851851851851
0 0.4747395833333333 0.17685185185185187 0.01822916666666663 0.0425925925925926
0 0.5359375 0.7523148148148148 0.022916666666666585 0.04351851851851851
0 0.5518229166666666 0.12592592592592594 0.01822916666666663 0.03518518518518518
0 0.5830729166666666 0.47870370370370374 0.01822916666666663 0.03518518518518515
