0 0.3841145833333333 0.5046296296296295 0.021354166666666674 0.03888888888888886
0 0.39713541666666663 0.4986111111111111 0.024479166666666663 0.05277777777777781
0 0.49687499999999996 0.625 0.01874999999999999 0.03888888888888897
0 0.4981770833333333 0.10138888888888889 0.020312499999999956 0.04351851851851851
0 0.5114583333333333 0.6472222222222221 0.034375000000000044 0.042592592592592626
0 0.5520833333333333 0.15833333333333333 0.021874999999999978 0.05740740740740741
0 0.609375 0.8490740740740741 0.02083333333333326 0.03888888888888886
0 0.6234375 0.6708333333333333 0.018750000000000044 0.04351851851851851
0 0.6484375 0.9486111111111111 0.017708333333333437 0.030555555555555558
0 0.65 0.7925925925925925 0.019791666666666652 0.0537037037037037
0 0.66953125 0.7476851851851851 0.024479166666666607 0.03981481481481486
