0 0.013802083333333333 0.3726851851851852 0.021354166666666667 0.05277777777777781
0 0.0234375 0.4453703703703704 0.015625 0.04999999999999999
0 0.06484375 0.4375 0.020312499999999997 0.056481481481481466
0 0.06744791666666666 0.5962962962962963 0.03072916666666666 0.062962962962963
0 0.12421874999999999 0.8685185185185185 0.020312499999999997 0.05185185185185193
0 0.48932291666666666 0.13148148148148148 0.020312499999999956 0.04999999999999999
0 0.51171875 0.10416666666666667 0.021354166666666563 0.052777777777777785
0 0.5703125 0.7865740740740741 0.018750000000000044 0.036111111111111094
0 0.5802083333333333 0.03981481481481482 0.03125 0.04259259259259259
0 0.6278645833333334 0.6925925925925926 0.02447916666666672 0.06851851851851853
0 0.6416666666666666 0.40185185185185185 0.02604166666666663 0.04629629629629628
0 0.6466145833333333 0.8055555555555556 0.01822916666666674 0.042592592592592626
0 0.646875 0.9611111111111111 0.019791666666666652 0.03518518518518521
0 0.6473958333333333 0.7074074074074074 0.03125 0.051851851851851816
0 0.6721354166666667 0.9759259259259259 0.0234375 0.042592592592592626
