0 0.02109375 0.38981481481481484 0.0203125 0.0537037037037037
0 0.06666666666666667 0.425 0.020833333333333336 0.059259259259259234
0 0.07395833333333333 0.5990740740740741 0.025 0.0537037037037037
0 0.28203124999999996 0.6791666666666667 0.02031250000000001 0.056481481481481466
0 0.38411458333333337 0.5171296296296297 0.024479166666666663 0.045370370370370394
0 0.3901041666666667 0.41574074074074074 0.026041666666666685 0.042592592592592626
0 0.4888020833333333 0.14953703703703702 0.02031250000000001 0.045370370370370366
0 0.503125 0.2074074074074074 0.016666666666666663 0.02777777777777779
0 0.51015625 0.1111111111111111 0.020312499999999956 0.04999999999999999
0 0.5453125000000001 0.17685185185185187 0.021874999999999978 0.05000000000000002
0 0.5533854166666666 0.03472222222222222 0.0234375 0.05648148148148147
0 0.5703125 0.021296296296296296 0.018750000000000044 0.03148148148148148
0 0.5716145833333333 0.7902777777777779 0.020312500000000067 0.04166666666666663
0 0.5739583333333333 0.05648148148148148 0.016666666666666607 0.04259259259259259
0 0.57578125 0.13333333333333333 0.024479166666666607 0.04629629629629628
0 0.6231770833333333 0.3287037037037037 0.0234375 0.03888888888888892
0 0.6278645833333333 0.6898148148148149 0.0234375 0.06481481481481477
0 0.6460937499999999 0.7175925925925926 0.017187500000000022 0.03888888888888886
0 0.6494791666666666 0.8078703703703705 0.019791666666666763 0.04166666666666663
0 0.7447916666666666 0.0962962962962963 0.019791666666666652 0.03148148148148147
