0 0.16041666666666665 0.900462962962963 0.021875000000000006 0.045370370370370394
0 0.51640625 0.6898148148148149 0.02447916666666672 0.0537037037037037
0 0.6489583333333333 0.6509259259259259 0.021874999999999978 0.03888888888888886
0 0.6580729166666667 0.650462962962963 0.026562500000000044 0.0527777777777777
0 0.6617187499999999 0.637962962962963 0.017187500000000022 0.050000000000000044
0 0.6692708333333334 0.1648148148148148 0.023958333333333304 0.05555555555555555
0 0.6822916666666667 0.7648148148148148 0.01666666666666672 0.04629629629629628
0 0.69296875 0.41620370370370374 0.020312499999999956 0.06759259259259259
0 0.696875 0.7907407407407407 0.016666666666666607 0.042592592592592515
0 0.7052083333333333 0.7194444444444444 0.018750000000000044 0.04629629629629628
0 0.7161458333333334 0.37777777777777777 0.019791666666666652 0.062962962962963
0 0.7463541666666667 0.3222222222222222 0.015625 0.046296296296296335
0 0.7671874999999999 0.33055555555555555 0.021874999999999978 0.04629629629629628
0 0.7690104166666667 0.6976851851851852 0.017187500000000022 0.04166666666666674
0 0.7729166666666667 0.837962962962963 0.018750000000000044 0.03888888888888886
0 0.7770833333333333 0.7611111111111111 0.015625 0.03518518518518521
0 0.8104166666666667 0.34305555555555556 0.02083333333333326 0.036111111111111094
0 0.8471354166666667 0.961111111111111 0.036979166666666674 0.02777777777777779
0 0.8645833333333333 0.8888888888888888 0.01666666666666672 0.0351851851851851
0 0.8901041666666667 0.38703703703703707 0.019791666666666652 0.04444444444444445
0 0.946875 0.6972222222222222 0.018750000000000044 0.05555555555555558
0 0.9723958333333333 0.4175925925925926 0.019791666666666652 0.03888888888888892
0 0.9739583333333333 0.3925925925925926 0.01666666666666672 0.04259259259259257
