0 0.006510416666666667 0.701851851851852 0.013020833333333334 0.06851851851851853
0 0.022916666666666665 0.8699074074074074 0.015624999999999998 0.037962962962962865
0 0.0890625 0.5453703703703704 0.016666666666666663 0.03518518518518521
0 0.09869791666666666 0.4634259259259259 0.032812499999999994 0.056481481481481466
0 0.234375 0.05277777777777777 0.01874999999999999 0.03888888888888888
0 0.38333333333333336 0.29814814814814816 0.015625 0.05185185185185187
0 0.40703124999999996 0.3263888888888889 0.02031250000000001 0.045370370370370394
0 0.4252604166666667 0.17083333333333334 0.02656249999999999 0.052777777777777785
0 0.4828125 0.16898148148148148 0.021875000000000033 0.04722222222222222
0 0.5065104166666667 0.19814814814814813 0.017187500000000022 0.03518518518518518
0 0.52109375 0.1537037037037037 0.0234375 0.03888888888888886
0 0.5778645833333333 0.5842592592592593 0.01822916666666674 0.031481481481481444
0 0.5841145833333333 0.30972222222222223 0.01718749999999991 0.03425925925925927
0 0.60625 0.10601851851851851 0.018749999999999933 0.03796296296296296
0 0.6247395833333333 0.10648148148148148 0.020312499999999956 0.042592592592592585
0 0.9497395833333333 0.9435185185185185 0.017187500000000022 0.03518518518518521
