0 0.15833333333333333 0.46805555555555556 0.015625 0.037962962962962976
0 0.23489583333333333 0.43472222222222223 0.019791666666666652 0.030555555555555558
0 0.35989583333333336 0.3416666666666667 0.015625 0.042592592592592626
0 0.37369791666666663 0.19305555555555554 0.02031250000000001 0.045370370370370366
0 0.40104166666666663 0.2587962962962963 0.024999999999999967 0.045370370370370394
0 0.4213541666666667 0.08055555555555555 0.021875000000000033 0.042592592592592585
0 0.42265625 0.1736111111111111 0.017187500000000022 0.0398148148148148
0 0.43281250000000004 0.23935185185185184 0.01874999999999999 0.0398148148148148
0 0.44140625 0.19166666666666665 0.021354166666666674 0.04629629629629631
0 0.47552083333333334 0.17777777777777776 0.018750000000000044 0.0425925925925926
0 0.5341145833333334 0.7546296296296295 0.017187500000000022 0.042592592592592626
0 0.5497395833333334 0.12638888888888888 0.017187500000000022 0.03425925925925925
0 0.5817708333333333 0.4712962962962963 0.018750000000000044 0.04259259259259257
