0 0.0953125 0.3412037037037037 0.019791666666666666 0.0490740740740741
0 0.13151041666666666 0.38425925925925924 0.01822916666666667 0.04629629629629628
0 0.17473958333333334 0.5425925925925925 0.017187499999999994 0.03888888888888886
0 0.24583333333333332 0.09444444444444444 0.01874999999999999 0.06481481481481483
0 0.39895833333333336 0.8550925925925925 0.015625 0.045370370370370394
0 0.4330729166666667 0.15555555555555556 0.017187499999999967 0.04629629629629628
0 0.4703125 0.0824074074074074 0.019791666666666707 0.03888888888888889
0 0.50234375 0.45555555555555555 0.0234375 0.059259259259259234
0 0.5239583333333333 0.875 0.015625 0.03518518518518521
0 0.53671875 0.09907407407407406 0.020312499999999956 0.042592592592592585
0 0.5450520833333333 0.04212962962962963 0.01718749999999991 0.03240740740740741
0 0.6096354166666667 0.5791666666666666 0.014062499999999978 0.028703703703703787
0 0.6953125 0.8967592592592593 0.018750000000000044 0.04166666666666674
0 0.7684895833333334 0.3657407407407407 0.014062499999999978 0.03888888888888892
0 0.8580729166666666 0.17037037037037037 0.015104166666666696 0.02777777777777779
0 0.87421875 0.04490740740740741 0.010937499999999933 0.032407407407407406
0 0.925 0.639351851851852 0.022916666666666585 0.036111111111111094
