0 0.04010416666666666 0.5842592592592593 0.01666666666666667 0.03888888888888897
0 0.10078125 0.42546296296296293 0.017187499999999994 0.03611111111111115
0 0.13854166666666667 0.5768518518518518 0.015625 0.03518518518518521
0 0.3989583333333333 0.19722222222222224 0.01874999999999999 0.0425925925925926
0 0.440625 0.12777777777777777 0.025000000000000022 0.0425925925925926
0 0.51484375 0.7203703703703703 0.014062499999999978 0.03518518518518521
0 0.5158854166666667 0.12546296296296297 0.015104166666666696 0.030555555555555558
0 0.5427083333333333 0.12037037037037036 0.015625 0.03148148148148147
0 0.5484374999999999 0.7824074074074074 0.017708333333333326 0.03518518518518521
0 0.5786458333333333 0.5027777777777778 0.011458333333333348 0.031481481481481444
0 0.5799479166666667 0.175 0.014062500000000089 0.0425925925925926
