0 0.023177083333333334 0.5509259259259259 0.026562500000000003 0.05555555555555558
0 0.030989583333333334 0.37916666666666665 0.01822916666666667 0.036111111111111094
0 0.29270833333333335 0.49444444444444446 0.019791666666666652 0.04259259259259257
0 0.30703125 0.4912037037037037 0.02031250000000001 0.04351851851851851
0 0.31484375 0.3935185185185185 0.0234375 0.03888888888888892
0 0.40520833333333334 0.16111111111111112 0.021874999999999978 0.0537037037037037
0 0.421875 0.20787037037037037 0.018750000000000044 0.030555555555555558
0 0.42473958333333334 0.1398148148148148 0.020312499999999956 0.04999999999999999
0 0.4296875 0.12916666666666665 0.018750000000000044 0.045370370370370366
0 0.45989583333333334 0.18472222222222223 0.025000000000000022 0.052777777777777785
0 0.4653645833333333 0.05416666666666667 0.02031250000000001 0.041666666666666664
0 0.47578125 0.8060185185185185 0.014062499999999978 0.04166666666666663
0 0.4848958333333333 0.15046296296296297 0.01874999999999999 0.04351851851851851
0 0.5190104166666667 0.2513888888888889 0.020312499999999956 0.045370370370370366
0 0.5234375 0.33287037037037037 0.018750000000000044 0.037962962962962976
0 0.5411458333333333 0.899537037037037 0.019791666666666652 0.03240740740740744
0 0.5416666666666667 0.7546296296296297 0.018749999999999933 0.04629629629629628
