0 0.01666666666666667 0.9546296296296297 0.018750000000000003 0.03888888888888886
0 0.16614583333333333 0.6111111111111112 0.01979166666666668 0.04629629629629639
0 0.19635416666666666 0.6305555555555555 0.021875000000000006 0.031481481481481444
0 0.2557291666666667 0.42638888888888893 0.017708333333333326 0.05277777777777776
0 0.5958333333333333 0.736574074074074 0.02499999999999991 0.03981481481481486
0 0.6260416666666666 0.15555555555555556 0.021874999999999978 0.05185185185185187
0 0.67265625 0.06759259259259259 0.021354166666666674 0.0462962962962963
0 0.7526041666666666 0.9064814814814814 0.019791666666666652 0.05185185185185193
0 0.7640625000000001 0.8337962962962964 0.021874999999999978 0.047222222222222165
0 0.7890625 0.14305555555555555 0.018750000000000044 0.049074074074074076
0 0.7908854166666667 0.7916666666666667 0.01718749999999991 0.042592592592592626
0 0.8018229166666666 0.9138888888888889 0.017187500000000022 0.04629629629629628
0 0.8536458333333333 0.11944444444444444 0.02187500000000009 0.04999999999999999
0 0.9052083333333334 0.47777777777777775 0.028125000000000067 0.06666666666666665
