0 0.05729166666666667 0.3921296296296296 0.018749999999999996 0.04722222222222222
0 0.11770833333333333 0.5916666666666667 0.022916666666666682 0.042592592592592515
0 0.3736979166666667 0.5064814814814815 0.021354166666666674 0.03888888888888886
0 0.39296875 0.4875 0.024479166666666663 0.0527777777777777
0 0.4903645833333333 0.10138888888888889 0.020312499999999956 0.04351851851851851
0 0.4927083333333333 0.6231481481481482 0.01874999999999999 0.03888888888888886
0 0.5119791666666667 0.6592592592592592 0.03437499999999999 0.042592592592592626
0 0.5416666666666667 0.15555555555555556 0.021874999999999978 0.05740740740740741
0 0.60703125 0.8583333333333334 0.020312499999999956 0.03888888888888886
0 0.6208333333333333 0.6837962962962963 0.018750000000000044 0.04351851851851851
0 0.64765625 0.9532407407407408 0.01822916666666663 0.030555555555555558
0 0.6489583333333333 0.7916666666666667 0.019791666666666652 0.0537037037037037
0 0.6721354166666667 0.7550925925925926 0.024479166666666607 0.03981481481481486
