0 0.015885416666666666 0.5634259259259259 0.0203125 0.04907407407407405
0 0.015885416666666666 0.7157407407407408 0.021354166666666667 0.0537037037037037
0 0.3067708333333333 0.6175925925925926 0.025000000000000022 0.04629629629629628
0 0.409375 0.8226851851851852 0.022916666666666696 0.04907407407407405
0 0.44375 0.199537037037037 0.021875000000000033 0.052777777777777785
0 0.4864583333333333 0.10833333333333334 0.022916666666666696 0.05
0 0.49140625000000004 0.34305555555555556 0.024479166666666663 0.07685185185185184
0 0.5078125 0.22916666666666669 0.021875000000000033 0.056481481481481494
0 0.5408854166666666 0.0625 0.021354166666666674 0.03796296296296297
0 0.56796875 0.8115740740740741 0.026562500000000044 0.06388888888888888
0 0.6252604166666667 0.1087962962962963 0.020312499999999956 0.03240740740740741
0 0.6291666666666667 0.20740740740740743 0.025000000000000022 0.05185185185185184
0 0.6497395833333334 0.4814814814814815 0.0234375 0.03518518518518515
0 0.9557291666666667 0.6060185185185185 0.018749999999999933 0.03981481481481475
